186.91	145.02	251.37	254.59	141.80
190.14	141.80	251.37	257.81	145.02
177.25	145.02	248.14	261.04	145.02
183.69	145.02	248.14	254.59	138.57
177.25	145.02	248.14	264.26	141.80
183.69	145.02	244.92	257.81	141.80
177.25	145.02	254.59	254.59	145.02
180.47	145.02	248.14	261.04	135.35
190.14	145.02	270.70	264.26	141.80
177.25	138.57	251.37	257.81	138.57
186.91	141.80	254.59	257.81	141.80
186.91	138.57	254.59	261.04	148.24
177.25	145.02	257.81	257.81	148.24
170.80	148.24	267.48	264.26	145.02
170.80	148.24	277.15	267.48	138.57
177.25	148.24	277.15	267.48	141.80
193.36	138.57	283.59	270.70	145.02
180.47	145.02	290.04	270.70	145.02
193.36	141.80	270.70	264.26	145.02
193.36	145.02	257.81	244.92	138.57
193.36	138.57	238.48	225.59	141.80
174.02	145.02	232.03	225.59	145.02
177.25	145.02	232.03	228.81	145.02
170.80	151.46	235.25	219.14	138.57
183.69	141.80	244.92	248.14	141.80
177.25	151.46	248.14	251.37	141.80
183.69	141.80	254.59	244.92	141.80
203.03	148.24	261.04	257.81	145.02
209.47	141.80	261.04	257.81	145.02
206.25	145.02	254.59	254.59	141.80
212.70	145.02	254.59	251.37	141.80
235.25	145.02	257.81	248.14	141.80
222.36	145.02	251.37	238.48	135.35
241.70	141.80	241.70	225.59	141.80
238.48	148.24	232.03	219.14	141.80
248.14	145.02	215.92	212.70	145.02
248.14	141.80	203.03	196.58	145.02
244.92	148.24	180.47	190.14	141.80
254.59	141.80	170.80	167.58	145.02
257.81	141.80	157.91	148.24	293.26
251.37	145.02	148.24	141.80	293.26
244.92	151.46	145.02	141.80	296.48
228.81	148.24	148.24	141.80	306.15
196.58	145.02	145.02	148.24	293.26
183.69	145.02	151.46	141.80	215.92
154.69	141.80	145.02	145.02	145.02
154.69	138.57	148.24	141.80	141.80
148.24	141.80	145.02	138.57	148.24
135.35	145.02	141.80	148.24	141.80
141.80	145.02	145.02	151.46	145.02
141.80	154.69	145.02	141.80	145.02
141.80	148.24	148.24	141.80	145.02
135.35	148.24	145.02	141.80	141.80
138.57	141.80	141.80	141.80	141.80
154.69	141.80	148.24	141.80	141.80
141.80	145.02	177.25	145.02	141.80
141.80	148.24	138.57	145.02	141.80
138.57	151.46	148.24	145.02	141.80
145.02	157.91	141.80	167.58	148.24
135.35	154.69	148.24	145.02	148.24
148.24	145.02	141.80	145.02	141.80
157.91	148.24	157.91	164.36	141.80
154.69	145.02	180.47	193.36	138.57
167.58	138.57	177.25	203.03	151.46
167.58	148.24	183.69	215.92	145.02
183.69	141.80	209.47	232.03	141.80
180.47	145.02	228.81	232.03	145.02
190.14	151.46	219.14	235.25	141.80
212.70	145.02	225.59	235.25	138.57
206.25	145.02	225.59	228.81	141.80
219.14	145.02	235.25	270.70	145.02
215.92	145.02	212.70	222.36	141.80
206.25	151.46	199.80	232.03	148.24
193.36	145.02	186.91	225.59	141.80
203.03	161.13	186.91	219.14	141.80
196.58	148.24	177.25	212.70	141.80
196.58	145.02	170.80	209.47	141.80
215.92	148.24	161.13	186.91	138.57
212.70	145.02	145.02	157.91	145.02
225.59	145.02	154.69	141.80	138.57
219.14	141.80	145.02	148.24	145.02
215.92	145.02	148.24	148.24	302.93
225.59	141.80	151.46	122.46	309.37
209.47	145.02	148.24	141.80	306.15
209.47	145.02	151.46	157.91	312.60
212.70	145.02	145.02	145.02	315.82
219.14	141.80	141.80	141.80	319.04
215.92	141.80	141.80	141.80	319.04
222.36	151.46	145.02	138.57	325.49
248.14	145.02	148.24	138.57	325.49
238.48	148.24	148.24	145.02	315.82
251.37	154.69	148.24	138.57	315.82
225.59	138.57	145.02	148.24	322.27
180.47	141.80	141.80	141.80	315.82
145.02	148.24	145.02	141.80	290.04
148.24	148.24	141.80	145.02	190.14
138.57	141.80	145.02	145.02	157.91
151.46	145.02	170.80	141.80	141.80
145.02	141.80	145.02	141.80	145.02
138.57	148.24	145.02	145.02	145.02
141.80	145.02	145.02	145.02	141.80
135.35	148.24	145.02	138.57	145.02
148.24	145.02	148.24	135.35	145.02
141.80	141.80	138.57	145.02	141.80
138.57	141.80	141.80	145.02	145.02
141.80	145.02	145.02	145.02	145.02
138.57	141.80	145.02	148.24	145.02
145.02	145.02	145.02	145.02	141.80
151.46	145.02	151.46	145.02	141.80
135.35	145.02	145.02	138.57	135.35
148.24	148.24	141.80	141.80	145.02
138.57	148.24	148.24	141.80	148.24
141.80	145.02	167.58	157.91	145.02
138.57	141.80	141.80	145.02	138.57
154.69	145.02	151.46	154.69	145.02
138.57	148.24	145.02	148.24	148.24
138.57	148.24	138.57	141.80	141.80
141.80	145.02	251.37	228.81	148.24
145.02	141.80	241.70	219.14	148.24
148.24	145.02	261.04	228.81	141.80
145.02	170.80	277.15	244.92	151.46
157.91	145.02	273.93	248.14	141.80
177.25	145.02	270.70	244.92	141.80
174.02	145.02	290.04	244.92	138.57
174.02	151.46	273.93	225.59	138.57
206.25	145.02	280.37	244.92	141.80
186.91	148.24	283.59	261.04	141.80
193.36	145.02	293.26	248.14	138.57
199.80	148.24	290.04	248.14	141.80
209.47	145.02	286.82	238.48	145.02
222.36	148.24	277.15	219.14	145.02
241.70	145.02	235.25	196.58	145.02
261.04	141.80	170.80	151.46	141.80
254.59	148.24	151.46	148.24	145.02
254.59	151.46	141.80	151.46	145.02
219.14	154.69	141.80	145.02	319.04
219.14	167.58	145.02	161.13	319.04
219.14	177.25	138.57	141.80	315.82
238.48	180.47	145.02	145.02	309.37
273.93	180.47	141.80	148.24	293.26
280.37	161.13	141.80	145.02	141.80
280.37	157.91	141.80	145.02	141.80
283.59	151.46	151.46	151.46	145.02
293.26	151.46	141.80	138.57	138.57
283.59	151.46	141.80	138.57	145.02
290.04	154.69	145.02	141.80	228.81
286.82	154.69	148.24	138.57	238.48
244.92	161.13	151.46	141.80	235.25
174.02	154.69	145.02	145.02	186.91
138.57	145.02	145.02	145.02	145.02
141.80	148.24	141.80	145.02	138.57
151.46	148.24	141.80	145.02	145.02
141.80	145.02	148.24	148.24	148.24
151.46	145.02	145.02	141.80	141.80
135.35	145.02	145.02	148.24	141.80
151.46	138.57	145.02	145.02	138.57
151.46	145.02	145.02	141.80	145.02
141.80	145.02	138.57	145.02	128.91
135.35	164.36	141.80	161.13	141.80
141.80	119.24	145.02	141.80	141.80
145.02	148.24	148.24	141.80	145.02
141.80	151.46	141.80	141.80	141.80
132.13	145.02	132.13	138.57	141.80
145.02	141.80	148.24	145.02	145.02
141.80	151.46	148.24	141.80	141.80
138.57	148.24	145.02	138.57	141.80
141.80	145.02	141.80	138.57	145.02
154.69	141.80	228.81	212.70	138.57
190.14	145.02	212.70	196.58	157.91
206.25	151.46	186.91	180.47	145.02
222.36	154.69	193.36	180.47	141.80
254.59	141.80	174.02	161.13	141.80
257.81	151.46	161.13	145.02	138.57
244.92	170.80	164.36	141.80	141.80
251.37	157.91	164.36	145.02	141.80
251.37	151.46	164.36	154.69	145.02
228.81	161.13	167.58	167.58	141.80
235.25	148.24	148.24	180.47	141.80
238.48	154.69	148.24	145.02	138.57
244.92	161.13	145.02	145.02	145.02
244.92	157.91	145.02	138.57	141.80
228.81	154.69	141.80	141.80	145.02
215.92	154.69	141.80	138.57	319.04
212.70	164.36	145.02	141.80	328.71
225.59	154.69	148.24	141.80	328.71
215.92	161.13	138.57	141.80	141.80
238.48	151.46	145.02	141.80	328.71
251.37	148.24	141.80	141.80	141.80
251.37	154.69	141.80	145.02	319.04
254.59	157.91	141.80	141.80	315.82
254.59	157.91	145.02	141.80	157.91
244.92	157.91	145.02	141.80	322.27
248.14	164.36	138.57	145.02	319.04
225.59	157.91	145.02	141.80	315.82
157.91	154.69	145.02	145.02	302.93
151.46	151.46	148.24	145.02	141.80
148.24	148.24	141.80	141.80	141.80
128.91	151.46	141.80	141.80	145.02
125.68	148.24	148.24	145.02	141.80
138.57	145.02	141.80	145.02	141.80
138.57	145.02	148.24	141.80	148.24
141.80	145.02	145.02	145.02	148.24
157.91	148.24	145.02	141.80	145.02
145.02	145.02	141.80	141.80	157.91
148.24	135.35	148.24	141.80	141.80
135.35	145.02	141.80	141.80	138.57
151.46	135.35	145.02	145.02	141.80
148.24	145.02	145.02	145.02	138.57
141.80	151.46	145.02	138.57	141.80
138.57	145.02	141.80	141.80	141.80
141.80	145.02	145.02	138.57	145.02
145.02	148.24	145.02	141.80	145.02
151.46	145.02	193.36	148.24	141.80
164.36	145.02	244.92	193.36	145.02
177.25	151.46	235.25	193.36	148.24
186.91	145.02	248.14	209.47	141.80
190.14	151.46	244.92	206.25	141.80
196.58	154.69	241.70	193.36	145.02
212.70	151.46	238.48	193.36	138.57
209.47	151.46	241.70	203.03	145.02
206.25	151.46	238.48	209.47	141.80
199.80	151.46	244.92	209.47	141.80
199.80	148.24	235.25	215.92	141.80
212.70	154.69	238.48	209.47	145.02
219.14	148.24	228.81	193.36	138.57
222.36	148.24	203.03	174.02	141.80
254.59	154.69	170.80	145.02	141.80
251.37	151.46	148.24	141.80	145.02
261.04	157.91	145.02	145.02	141.80
261.04	154.69	141.80	145.02	145.02
254.59	154.69	145.02	145.02	141.80
267.48	161.13	145.02	141.80	148.24
254.59	164.36	141.80	145.02	145.02
270.70	164.36	161.13	145.02	145.02
261.04	164.36	145.02	148.24	145.02
267.48	164.36	141.80	141.80	141.80
270.70	167.58	138.57	145.02	286.82
273.93	167.58	148.24	141.80	293.26
273.93	167.58	125.68	148.24	299.71
261.04	170.80	145.02	141.80	296.48
254.59	177.25	141.80	141.80	306.15
225.59	180.47	141.80	148.24	315.82
203.03	167.58	141.80	141.80	312.60
138.57	154.69	148.24	145.02	219.14
154.69	135.35	145.02	141.80	145.02
141.80	145.02	148.24	141.80	145.02
135.35	148.24	145.02	145.02	145.02
148.24	141.80	145.02	148.24	145.02
151.46	148.24	145.02	141.80	145.02
161.13	151.46	148.24	141.80	141.80
141.80	148.24	145.02	145.02	138.57
148.24	157.91	145.02	141.80	138.57
148.24	141.80	148.24	145.02	141.80
138.57	148.24	141.80	141.80	141.80
141.80	141.80	148.24	148.24	138.57
141.80	145.02	145.02	154.69	141.80
141.80	141.80	148.24	145.02	145.02
141.80	145.02	148.24	138.57	145.02
141.80	148.24	141.80	151.46	138.57
148.24	141.80	145.02	141.80	145.02
141.80	145.02	141.80	141.80	141.80
161.13	148.24	177.25	177.25	141.80
167.58	145.02	180.47	180.47	141.80
167.58	145.02	183.69	174.02	141.80
180.47	148.24	203.03	193.36	148.24
199.80	145.02	232.03	199.80	141.80
193.36	145.02	232.03	193.36	145.02
206.25	148.24	238.48	193.36	145.02
215.92	145.02	241.70	209.47	141.80
199.80	148.24	232.03	203.03	145.02
206.25	148.24	222.36	212.70	138.57
199.80	148.24	203.03	199.80	141.80
199.80	154.69	180.47	186.91	145.02
199.80	164.36	157.91	167.58	145.02
215.92	174.02	151.46	148.24	141.80
212.70	177.25	145.02	141.80	141.80
232.03	161.13	145.02	141.80	312.60
225.59	157.91	145.02	145.02	309.37
222.36	164.36	145.02	138.57	309.37
235.25	167.58	145.02	141.80	306.15
261.04	157.91	145.02	141.80	312.60
244.92	167.58	145.02	141.80	312.60
238.48	161.13	145.02	141.80	315.82
248.14	161.13	141.80	145.02	319.04
232.03	170.80	145.02	145.02	322.27
228.81	170.80	148.24	145.02	319.04
232.03	170.80	145.02	141.80	315.82
225.59	170.80	154.69	141.80	319.04
219.14	167.58	145.02	148.24	319.04
196.58	174.02	141.80	145.02	299.71
151.46	174.02	145.02	145.02	190.14
138.57	141.80	141.80	148.24	148.24
138.57	145.02	141.80	148.24	141.80
141.80	148.24	141.80	148.24	141.80
151.46	157.91	141.80	145.02	145.02
154.69	141.80	145.02	141.80	138.57
138.57	145.02	145.02	145.02	141.80
148.24	138.57	141.80	138.57	141.80
135.35	145.02	141.80	145.02	138.57
151.46	141.80	138.57	141.80	138.57
151.46	141.80	145.02	141.80	145.02
141.80	145.02	145.02	141.80	148.24
154.69	141.80	145.02	145.02	141.80
141.80	148.24	141.80	141.80	145.02
138.57	148.24	145.02	145.02	145.02
138.57	141.80	141.80	141.80	145.02
141.80	148.24	145.02	141.80	148.24
151.46	141.80	148.24	145.02	145.02
145.02	145.02	145.02	145.02	141.80
135.35	157.91	180.47	215.92	141.80
154.69	148.24	251.37	257.81	138.57
186.91	141.80	254.59	254.59	141.80
219.14	148.24	244.92	248.14	141.80
225.59	141.80	238.48	241.70	141.80
235.25	145.02	235.25	225.59	145.02
235.25	145.02	241.70	235.25	138.57
203.03	148.24	251.37	264.26	141.80
193.36	148.24	254.59	267.48	138.57
196.58	148.24	261.04	264.26	145.02
199.80	145.02	241.70	264.26	138.57
203.03	148.24	215.92	244.92	141.80
215.92	141.80	180.47	219.14	138.57
241.70	141.80	157.91	177.25	145.02
244.92	138.57	148.24	138.57	138.57
264.26	145.02	148.24	145.02	148.24
283.59	145.02	145.02	141.80	277.15
283.59	148.24	141.80	145.02	270.70
283.59	148.24	141.80	148.24	264.26
302.93	148.24	145.02	141.80	244.92
299.71	145.02	145.02	148.24	235.25
293.26	148.24	141.80	141.80	222.36
293.26	151.46	145.02	141.80	212.70
302.93	145.02	141.80	145.02	206.25
302.93	151.46	145.02	141.80	199.80
302.93	148.24	145.02	145.02	196.58
267.48	145.02	141.80	145.02	193.36
209.47	161.13	177.25	141.80	180.47
151.46	141.80	148.24	145.02	145.02
141.80	141.80	141.80	141.80	141.80
154.69	145.02	145.02	145.02	141.80
151.46	157.91	145.02	145.02	148.24
151.46	138.57	141.80	145.02	138.57
148.24	148.24	145.02	141.80	148.24
145.02	141.80	145.02	141.80	145.02
161.13	148.24	148.24	145.02	145.02
145.02	145.02	145.02	138.57	145.02
151.46	141.80	145.02	148.24	141.80
154.69	141.80	145.02	141.80	141.80
161.13	145.02	145.02	145.02	145.02
154.69	141.80	141.80	154.69	138.57
138.57	148.24	141.80	138.57	145.02
141.80	141.80	141.80	141.80	145.02
154.69	138.57	148.24	145.02	138.57
148.24	141.80	248.14	203.03	148.24
141.80	148.24	267.48	228.81	145.02
154.69	141.80	248.14	222.36	138.57
154.69	148.24	261.04	232.03	145.02
174.02	138.57	267.48	241.70	141.80
183.69	145.02	273.93	251.37	141.80
177.25	145.02	286.82	261.04	141.80
183.69	141.80	299.71	273.93	141.80
183.69	141.80	299.71	264.26	141.80
190.14	148.24	306.15	257.81	138.57
219.14	148.24	293.26	251.37	141.80
212.70	145.02	286.82	238.48	141.80
215.92	145.02	277.15	215.92	141.80
212.70	145.02	264.26	209.47	148.24
219.14	145.02	241.70	203.03	125.68
232.03	177.25	235.25	199.80	145.02
225.59	138.57	215.92	190.14	141.80
228.81	148.24	209.47	177.25	145.02
238.48	148.24	193.36	164.36	145.02
225.59	148.24	174.02	148.24	141.80
235.25	148.24	167.58	151.46	148.24
244.92	141.80	167.58	141.80	141.80
225.59	148.24	161.13	145.02	138.57
225.59	154.69	148.24	145.02	145.02
209.47	167.58	141.80	148.24	306.15
193.36	177.25	141.80	145.02	309.37
180.47	177.25	138.57	145.02	315.82
148.24	157.91	145.02	138.57	306.15
141.80	145.02	141.80	145.02	141.80
135.35	145.02	138.57	141.80	145.02
138.57	161.13	145.02	138.57	141.80
141.80	151.46	145.02	138.57	145.02
138.57	145.02	141.80	145.02	145.02
141.80	145.02	148.24	145.02	138.57
141.80	145.02	145.02	141.80	138.57
128.91	145.02	145.02	148.24	148.24
132.13	145.02	141.80	141.80	141.80
154.69	145.02	148.24	141.80	141.80
138.57	145.02	145.02	141.80	141.80
138.57	148.24	151.46	145.02	145.02
154.69	141.80	141.80	145.02	145.02
135.35	145.02	141.80	145.02	145.02
138.57	145.02	141.80	145.02	141.80
141.80	148.24	145.02	145.02	148.24
145.02	145.02	145.02	145.02	145.02
151.46	145.02	186.91	145.02	141.80
157.91	141.80	261.04	193.36	141.80
135.35	145.02	315.82	254.59	141.80
164.36	148.24	341.60	283.59	145.02
157.91	141.80	354.49	290.04	141.80
151.46	141.80	338.38	293.26	145.02
148.24	148.24	357.71	293.26	145.02
161.13	141.80	364.16	286.82	141.80
154.69	148.24	364.16	290.04	138.57
157.91	141.80	364.16	283.59	145.02
164.36	138.57	367.38	283.59	141.80
177.25	148.24	364.16	286.82	141.80
177.25	145.02	367.38	270.70	148.24
193.36	141.80	360.94	251.37	141.80
180.47	141.80	360.94	244.92	138.57
190.14	151.46	354.49	241.70	148.24
199.80	154.69	351.27	241.70	138.57
186.91	145.02	341.60	241.70	145.02
186.91	151.46	341.60	222.36	141.80
186.91	145.02	328.71	222.36	145.02
193.36	151.46	322.27	215.92	154.69
186.91	145.02	312.60	209.47	138.57
177.25	154.69	319.04	219.14	138.57
170.80	148.24	325.49	206.25	145.02
174.02	151.46	322.27	203.03	145.02
167.58	141.80	338.38	199.80	141.80
164.36	148.24	328.71	206.25	145.02
154.69	145.02	302.93	203.03	141.80
157.91	148.24	267.48	193.36	138.57
151.46	145.02	244.92	186.91	157.91
145.02	141.80	235.25	180.47	141.80
154.69	145.02	228.81	174.02	141.80
151.46	145.02	228.81	174.02	145.02
148.24	154.69	219.14	164.36	145.02
141.80	154.69	203.03	161.13	141.80
138.57	151.46	199.80	164.36	141.80
157.91	151.46	186.91	167.58	138.57
154.69	154.69	196.58	154.69	145.02
141.80	157.91	190.14	157.91	145.02
157.91	154.69	190.14	151.46	141.80
148.24	157.91	180.47	154.69	145.02
141.80	164.36	183.69	154.69	145.02
148.24	157.91	193.36	151.46	145.02
151.46	157.91	183.69	154.69	161.13
141.80	157.91	180.47	138.57	141.80
148.24	154.69	180.47	151.46	141.80
148.24	154.69	183.69	145.02	141.80
151.46	154.69	183.69	145.02	141.80
157.91	157.91	174.02	148.24	148.24
157.91	174.02	183.69	151.46	141.80
154.69	157.91	186.91	148.24	141.80
148.24	157.91	183.69	148.24	145.02
148.24	161.13	183.69	145.02	145.02
157.91	167.58	183.69	145.02	145.02
154.69	161.13	177.25	151.46	145.02
145.02	157.91	206.25	154.69	141.80
161.13	167.58	183.69	151.46	141.80
161.13	161.13	177.25	148.24	145.02
154.69	164.36	180.47	148.24	135.35
148.24	145.02	180.47	148.24	154.69
154.69	164.36	186.91	145.02	141.80
164.36	157.91	186.91	148.24	141.80
161.13	154.69	190.14	154.69	141.80
151.46	157.91	177.25	148.24	135.35
161.13	157.91	183.69	145.02	148.24
148.24	161.13	190.14	154.69	145.02
148.24	157.91	190.14	151.46	145.02
161.13	157.91	193.36	145.02	145.02
145.02	161.13	190.14	151.46	141.80
151.46	161.13	190.14	145.02	241.70
161.13	154.69	215.92	161.13	141.80
151.46	157.91	193.36	151.46	145.02
170.80	157.91	190.14	151.46	141.80
161.13	157.91	196.58	151.46	138.57
167.58	154.69	190.14	145.02	141.80
154.69	145.02	190.14	148.24	141.80
148.24	138.57	186.91	145.02	145.02
154.69	164.36	193.36	148.24	151.46
151.46	161.13	190.14	145.02	141.80
151.46	167.58	183.69	148.24	141.80
164.36	161.13	193.36	157.91	238.48
164.36	157.91	186.91	151.46	241.70
151.46	161.13	190.14	145.02	244.92
170.80	157.91	193.36	148.24	241.70
157.91	164.36	190.14	148.24	241.70
151.46	157.91	186.91	145.02	244.92
148.24	157.91	190.14	151.46	241.70
170.80	154.69	193.36	141.80	241.70
151.46	161.13	193.36	148.24	235.25
151.46	157.91	196.58	148.24	248.14
154.69	161.13	190.14	151.46	235.25
164.36	157.91	190.14	157.91	241.70
154.69	161.13	193.36	151.46	241.70
157.91	161.13	193.36	151.46	241.70
167.58	157.91	196.58	148.24	251.37
167.58	161.13	186.91	148.24	241.70
161.13	157.91	190.14	145.02	244.92
164.36	157.91	190.14	148.24	244.92
167.58	164.36	196.58	148.24	241.70
151.46	161.13	190.14	148.24	248.14
154.69	170.80	196.58	148.24	244.92
161.13	161.13	190.14	148.24	241.70
1				
