=~=~=~=~=~=~=~=~=~=~=~= PuTTY log 2022.01.08 18:17:14 =~=~=~=~=~=~=~=~=~=~=~=				
180.47	145.02	315.82	299.71	138.57
180.47	148.24	302.93	296.48	138.57
186.91	141.80	293.26	286.82	145.02
180.47	138.57	273.93	280.37	148.24
174.02	148.24	261.04	277.15	145.02
170.80	145.02	254.59	273.93	145.02
186.91	148.24	248.14	257.81	145.02
183.69	151.46	238.48	251.37	145.02
177.25	145.02	235.25	241.70	145.02
190.14	148.24	238.48	241.70	135.35
180.47	141.80	244.92	244.92	145.02
183.69	145.02	244.92	248.14	145.02
183.69	145.02	241.70	241.70	145.02
190.14	138.57	241.70	235.25	154.69
180.47	148.24	238.48	232.03	145.02
186.91	148.24	238.48	228.81	141.80
170.80	145.02	235.25	232.03	141.80
174.02	145.02	241.70	232.03	148.24
167.58	141.80	251.37	244.92	145.02
177.25	151.46	248.14	251.37	141.80
167.58	141.80	248.14	241.70	141.80
174.02	148.24	244.92	238.48	138.57
170.80	145.02	244.92	219.14	148.24
177.25	145.02	235.25	222.36	145.02
183.69	138.57	241.70	232.03	145.02
177.25	148.24	248.14	238.48	138.57
167.58	145.02	248.14	238.48	141.80
170.80	141.80	248.14	228.81	141.80
161.13	148.24	238.48	235.25	141.80
167.58	141.80	241.70	232.03	151.46
177.25	138.57	244.92	241.70	141.80
183.69	141.80	251.37	270.70	141.80
186.91	145.02	248.14	251.37	145.02
177.25	145.02	251.37	251.37	141.80
183.69	145.02	261.04	244.92	145.02
190.14	141.80	261.04	251.37	219.14
203.03	135.35	257.81	241.70	225.59
203.03	141.80	244.92	222.36	228.81
215.92	138.57	222.36	206.25	232.03
206.25	145.02	225.59	209.47	225.59
196.58	145.02	232.03	228.81	212.70
180.47	148.24	244.92	225.59	203.03
167.58	141.80	248.14	235.25	177.25
145.02	148.24	241.70	235.25	167.58
138.57	148.24	238.48	222.36	154.69
145.02	141.80	248.14	235.25	167.58
151.46	148.24	248.14	232.03	177.25
177.25	148.24	248.14	235.25	212.70
196.58	148.24	238.48	206.25	241.70
219.14	151.46	203.03	186.91	254.59
222.36	154.69	190.14	157.91	254.59
244.92	145.02	174.02	145.02	254.59
248.14	151.46	164.36	141.80	248.14
254.59	151.46	148.24	154.69	145.02
219.14	154.69	145.02	148.24	138.57
148.24	145.02	148.24	141.80	138.57
138.57	145.02	148.24	141.80	141.80
138.57	145.02	151.46	145.02	138.57
138.57	145.02	151.46	145.02	145.02
154.69	148.24	148.24	141.80	145.02
141.80	145.02	141.80	145.02	148.24
138.57	148.24	145.02	148.24	151.46
154.69	145.02	141.80	148.24	151.46
154.69	141.80	148.24	148.24	157.91
299.71	145.02	148.24	141.80	141.80
296.48	148.24	154.69	138.57	145.02
286.82	154.69	180.47	251.37	141.80
312.60	148.24	151.46	157.91	151.46
228.81	145.02	235.25	277.15	145.02
199.80	141.80	257.81	299.71	215.92
196.58	148.24	235.25	286.82	215.92
180.47	145.02	228.81	273.93	219.14
177.25	145.02	206.25	261.04	145.02
193.36	148.24	199.80	241.70	141.80
203.03	138.57	167.58	206.25	141.80
203.03	141.80	167.58	203.03	138.57
186.91	145.02	167.58	225.59	148.24
177.25	145.02	186.91	248.14	141.80
183.69	141.80	193.36	257.81	145.02
167.58	145.02	186.91	261.04	145.02
167.58	151.46	190.14	261.04	141.80
164.36	145.02	196.58	267.48	145.02
180.47	145.02	209.47	270.70	141.80
183.69	151.46	209.47	267.48	145.02
203.03	145.02	196.58	261.04	141.80
199.80	145.02	183.69	254.59	151.46
190.14	148.24	180.47	257.81	141.80
186.91	164.36	177.25	254.59	141.80
193.36	145.02	186.91	254.59	138.57
180.47	148.24	193.36	267.48	138.57
193.36	151.46	199.80	267.48	145.02
180.47	141.80	212.70	277.15	141.80
174.02	141.80	203.03	273.93	141.80
177.25	148.24	196.58	270.70	141.80
170.80	141.80	186.91	257.81	141.80
183.69	145.02	180.47	241.70	138.57
177.25	145.02	190.14	248.14	141.80
190.14	141.80	186.91	244.92	164.36
177.25	145.02	206.25	257.81	141.80
180.47	145.02	232.03	280.37	148.24
186.91	145.02	232.03	277.15	145.02
186.91	145.02	241.70	293.26	138.57
167.58	145.02	257.81	299.71	141.80
161.13	138.57	280.37	299.71	141.80
151.46	148.24	299.71	312.60	145.02
174.02	148.24	296.48	312.60	141.80
183.69	145.02	286.82	299.71	225.59
215.92	148.24	228.81	270.70	248.14
257.81	170.80	164.36	215.92	257.81
264.26	151.46	141.80	141.80	238.48
270.70	148.24	148.24	145.02	148.24
267.48	151.46	151.46	145.02	148.24
151.46	148.24	148.24	141.80	141.80
135.35	141.80	199.80	148.24	145.02
141.80	148.24	148.24	141.80	141.80
141.80	141.80	148.24	135.35	145.02
138.57	148.24	145.02	141.80	148.24
141.80	141.80	151.46	141.80	145.02
141.80	138.57	141.80	141.80	138.57
135.35	141.80	145.02	141.80	145.02
151.46	141.80	141.80	141.80	145.02
296.48	148.24	145.02	141.80	135.35
280.37	145.02	145.02	148.24	148.24
290.04	164.36	132.13	154.69	312.60
261.04	167.58	151.46	232.03	273.93
222.36	145.02	154.69	254.59	264.26
238.48	157.91	148.24	209.47	254.59
232.03	157.91	145.02	206.25	244.92
241.70	157.91	148.24	206.25	241.70
225.59	157.91	145.02	180.47	235.25
222.36	154.69	151.46	157.91	222.36
219.14	157.91	145.02	145.02	145.02
209.47	157.91	145.02	138.57	145.02
206.25	167.58	157.91	145.02	141.80
193.36	167.58	145.02	157.91	145.02
209.47	164.36	148.24	177.25	141.80
206.25	164.36	154.69	196.58	138.57
196.58	157.91	154.69	206.25	141.80
209.47	154.69	161.13	206.25	141.80
203.03	148.24	161.13	219.14	145.02
193.36	148.24	164.36	219.14	141.80
199.80	148.24	164.36	219.14	141.80
183.69	151.46	174.02	228.81	141.80
206.25	145.02	177.25	228.81	145.02
190.14	145.02	177.25	244.92	145.02
183.69	148.24	186.91	238.48	141.80
186.91	145.02	190.14	241.70	141.80
183.69	148.24	174.02	232.03	141.80
199.80	141.80	167.58	225.59	141.80
199.80	151.46	154.69	219.14	141.80
199.80	145.02	164.36	219.14	154.69
209.47	145.02	164.36	219.14	145.02
209.47	151.46	180.47	235.25	141.80
186.91	145.02	222.36	264.26	141.80
190.14	145.02	257.81	280.37	135.35
167.58	145.02	270.70	283.59	145.02
154.69	145.02	286.82	296.48	141.80
164.36	170.80	309.37	312.60	145.02
161.13	141.80	306.15	312.60	141.80
151.46	148.24	280.37	309.37	141.80
190.14	148.24	238.48	286.82	225.59
206.25	157.91	203.03	261.04	241.70
219.14	161.13	170.80	219.14	235.25
238.48	170.80	148.24	170.80	225.59
254.59	161.13	141.80	141.80	238.48
277.15	177.25	145.02	145.02	141.80
261.04	161.13	141.80	148.24	141.80
145.02	148.24	148.24	141.80	138.57
141.80	145.02	183.69	138.57	145.02
151.46	148.24	145.02	141.80	145.02
141.80	145.02	148.24	145.02	151.46
138.57	148.24	138.57	141.80	145.02
154.69	148.24	145.02	148.24	145.02
141.80	145.02	145.02	141.80	151.46
154.69	141.80	145.02	148.24	145.02
141.80	148.24	154.69	148.24	141.80
170.80	141.80	145.02	145.02	141.80
199.80	145.02	145.02	174.02	145.02
212.70	141.80	145.02	267.48	148.24
222.36	151.46	148.24	244.92	145.02
212.70	145.02	186.91	277.15	264.26
193.36	141.80	254.59	309.37	206.25
180.47	148.24	290.04	328.71	167.58
180.47	148.24	299.71	331.93	170.80
174.02	141.80	293.26	331.93	157.91
141.80	138.57	277.15	344.82	145.02
161.13	145.02	261.04	338.38	141.80
157.91	148.24	261.04	322.27	141.80
164.36	145.02	203.03	302.93	148.24
177.25	148.24	186.91	296.48	154.69
177.25	148.24	190.14	290.04	141.80
186.91	145.02	180.47	286.82	145.02
183.69	148.24	177.25	283.59	141.80
196.58	141.80	167.58	273.93	145.02
196.58	145.02	174.02	277.15	145.02
196.58	145.02	164.36	280.37	141.80
203.03	145.02	167.58	277.15	141.80
183.69	141.80	183.69	280.37	141.80
203.03	145.02	164.36	280.37	148.24
180.47	145.02	167.58	277.15	138.57
183.69	141.80	174.02	280.37	151.46
180.47	148.24	177.25	280.37	141.80
196.58	148.24	174.02	277.15	145.02
186.91	148.24	167.58	277.15	145.02
183.69	141.80	170.80	277.15	145.02
183.69	145.02	174.02	280.37	141.80
186.91	138.57	174.02	280.37	145.02
199.80	145.02	177.25	280.37	141.80
196.58	141.80	177.25	280.37	145.02
186.91	148.24	174.02	283.59	145.02
177.25	145.02	183.69	280.37	141.80
193.36	148.24	177.25	286.82	138.57
183.69	145.02	180.47	293.26	145.02
199.80	148.24	183.69	283.59	141.80
193.36	145.02	180.47	286.82	141.80
193.36	141.80	154.69	286.82	145.02
186.91	145.02	177.25	280.37	141.80
183.69	145.02	180.47	290.04	157.91
183.69	141.80	183.69	286.82	145.02
186.91	141.80	196.58	286.82	138.57
186.91	145.02	180.47	286.82	141.80
196.58	141.80	186.91	286.82	145.02
183.69	154.69	186.91	296.48	145.02
186.91	151.46	183.69	296.48	138.57
199.80	141.80	186.91	290.04	141.80
199.80	138.57	183.69	290.04	145.02
183.69	138.57	186.91	296.48	141.80
196.58	145.02	186.91	290.04	141.80
183.69	148.24	193.36	280.37	141.80
186.91	145.02	190.14	286.82	145.02
180.47	145.02	190.14	293.26	148.24
183.69	138.57	186.91	299.71	141.80
183.69	148.24	183.69	290.04	151.46
199.80	141.80	183.69	283.59	138.57
193.36	151.46	193.36	286.82	148.24
186.91	145.02	186.91	286.82	141.80
193.36	148.24	177.25	280.37	141.80
193.36	148.24	180.47	283.59	141.80
190.14	141.80	183.69	280.37	145.02
186.91	151.46	183.69	280.37	138.57
193.36	141.80	180.47	280.37	145.02
1				
