157.91	145.02	222.36	261.04	141.80
157.91	151.46	219.14	248.14	148.24
148.24	148.24	225.59	257.81	141.80
164.36	141.80	228.81	257.81	145.02
161.13	151.46	222.36	257.81	145.02
164.36	148.24	222.36	257.81	141.80
148.24	145.02	219.14	254.59	138.57
161.13	141.80	219.14	257.81	141.80
141.80	157.91	219.14	264.26	145.02
135.35	145.02	209.47	257.81	148.24
141.80	138.57	209.47	277.15	148.24
145.02	145.02	206.25	264.26	141.80
157.91	151.46	215.92	267.48	145.02
141.80	145.02	225.59	273.93	141.80
141.80	145.02	232.03	277.15	145.02
154.69	145.02	228.81	273.93	145.02
151.46	145.02	232.03	277.15	141.80
145.02	145.02	228.81	283.59	141.80
148.24	148.24	235.25	283.59	138.57
141.80	148.24	232.03	286.82	141.80
141.80	141.80	241.70	290.04	141.80
141.80	145.02	238.48	286.82	145.02
145.02	151.46	238.48	290.04	145.02
145.02	141.80	238.48	286.82	145.02
157.91	141.80	244.92	283.59	135.35
154.69	148.24	238.48	286.82	145.02
145.02	148.24	232.03	273.93	145.02
151.46	145.02	241.70	277.15	145.02
161.13	148.24	238.48	273.93	141.80
148.24	148.24	235.25	273.93	151.46
151.46	145.02	241.70	270.70	145.02
151.46	148.24	244.92	257.81	138.57
161.13	145.02	244.92	273.93	141.80
148.24	148.24	241.70	277.15	141.80
161.13	141.80	244.92	273.93	145.02
154.69	145.02	235.25	270.70	138.57
164.36	145.02	196.58	261.04	138.57
157.91	141.80	164.36	199.80	141.80
148.24	145.02	145.02	141.80	145.02
148.24	148.24	141.80	145.02	148.24
161.13	164.36	148.24	145.02	141.80
148.24	151.46	145.02	148.24	141.80
154.69	148.24	141.80	145.02	141.80
154.69	148.24	145.02	145.02	138.57
151.46	141.80	145.02	141.80	138.57
141.80	151.46	145.02	145.02	141.80
141.80	145.02	145.02	148.24	141.80
138.57	141.80	148.24	141.80	141.80
141.80	151.46	145.02	145.02	145.02
138.57	145.02	151.46	141.80	145.02
148.24	161.13	148.24	145.02	148.24
154.69	141.80	145.02	145.02	151.46
141.80	145.02	141.80	145.02	148.24
154.69	148.24	148.24	141.80	138.57
138.57	148.24	145.02	145.02	145.02
141.80	145.02	141.80	141.80	138.57
138.57	148.24	145.02	145.02	148.24
138.57	148.24	151.46	170.80	145.02
141.80	148.24	145.02	264.26	148.24
151.46	138.57	148.24	270.70	151.46
141.80	148.24	148.24	264.26	141.80
141.80	148.24	148.24	254.59	145.02
138.57	145.02	141.80	264.26	145.02
145.02	141.80	157.91	267.48	148.24
145.02	145.02	170.80	283.59	141.80
151.46	138.57	177.25	299.71	145.02
151.46	138.57	196.58	293.26	145.02
154.69	138.57	212.70	293.26	145.02
148.24	148.24	222.36	296.48	141.80
151.46	154.69	244.92	296.48	145.02
145.02	148.24	254.59	293.26	138.57
148.24	138.57	261.04	296.48	145.02
154.69	157.91	261.04	290.04	138.57
164.36	145.02	270.70	290.04	145.02
190.14	145.02	273.93	290.04	141.80
183.69	141.80	273.93	280.37	145.02
196.58	148.24	277.15	273.93	145.02
196.58	148.24	273.93	273.93	148.24
219.14	145.02	267.48	261.04	141.80
235.25	148.24	261.04	261.04	141.80
241.70	145.02	261.04	254.59	145.02
267.48	138.57	261.04	254.59	145.02
270.70	141.80	267.48	257.81	138.57
254.59	145.02	264.26	251.37	138.57
257.81	148.24	254.59	248.14	138.57
267.48	145.02	257.81	244.92	141.80
270.70	145.02	251.37	235.25	141.80
273.93	145.02	264.26	232.03	141.80
280.37	148.24	241.70	215.92	141.80
299.71	145.02	196.58	190.14	148.24
293.26	148.24	148.24	138.57	138.57
306.15	145.02	148.24	135.35	145.02
241.70	151.46	148.24	141.80	145.02
154.69	141.80	145.02	145.02	141.80
138.57	148.24	154.69	141.80	145.02
141.80	145.02	145.02	148.24	138.57
138.57	145.02	145.02	145.02	145.02
138.57	141.80	148.24	145.02	141.80
138.57	145.02	141.80	145.02	138.57
138.57	145.02	145.02	141.80	145.02
141.80	138.57	138.57	148.24	145.02
145.02	148.24	138.57	138.57	145.02
151.46	148.24	148.24	145.02	141.80
141.80	145.02	141.80	145.02	148.24
151.46	141.80	141.80	148.24	151.46
151.46	145.02	141.80	148.24	145.02
148.24	145.02	148.24	141.80	141.80
138.57	141.80	141.80	138.57	145.02
141.80	145.02	145.02	141.80	141.80
151.46	154.69	151.46	180.47	141.80
157.91	145.02	186.91	261.04	138.57
141.80	145.02	183.69	251.37	141.80
138.57	148.24	186.91	264.26	145.02
157.91	148.24	199.80	283.59	141.80
128.91	148.24	199.80	277.15	145.02
138.57	148.24	193.36	270.70	154.69
138.57	138.57	215.92	264.26	141.80
138.57	148.24	212.70	257.81	141.80
141.80	148.24	212.70	257.81	148.24
138.57	138.57	212.70	254.59	145.02
148.24	148.24	199.80	244.92	145.02
138.57	154.69	203.03	244.92	138.57
145.02	145.02	206.25	251.37	135.35
145.02	145.02	209.47	251.37	145.02
145.02	148.24	212.70	254.59	148.24
161.13	145.02	212.70	251.37	145.02
203.03	141.80	232.03	251.37	148.24
212.70	145.02	235.25	244.92	145.02
238.48	141.80	238.48	254.59	141.80
235.25	145.02	235.25	241.70	141.80
241.70	145.02	238.48	244.92	145.02
248.14	145.02	241.70	241.70	148.24
254.59	141.80	241.70	235.25	151.46
261.04	148.24	238.48	222.36	138.57
283.59	151.46	219.14	199.80	141.80
280.37	151.46	183.69	177.25	148.24
302.93	148.24	177.25	132.13	145.02
286.82	154.69	164.36	141.80	141.80
293.26	157.91	151.46	145.02	145.02
286.82	167.58	151.46	145.02	254.59
254.59	157.91	138.57	148.24	186.91
190.14	141.80	141.80	148.24	145.02
154.69	138.57	141.80	145.02	141.80
154.69	148.24	138.57	145.02	141.80
141.80	141.80	148.24	148.24	145.02
148.24	148.24	148.24	145.02	141.80
145.02	151.46	145.02	148.24	145.02
148.24	145.02	141.80	145.02	145.02
138.57	151.46	141.80	141.80	148.24
141.80	145.02	170.80	145.02	145.02
151.46	145.02	145.02	145.02	141.80
154.69	170.80	145.02	145.02	145.02
148.24	148.24	141.80	141.80	141.80
138.57	148.24	145.02	141.80	148.24
138.57	161.13	145.02	145.02	141.80
154.69	145.02	145.02	148.24	151.46
135.35	145.02	145.02	154.69	145.02
154.69	148.24	183.69	267.48	141.80
138.57	145.02	148.24	251.37	141.80
151.46	141.80	183.69	277.15	151.46
148.24	141.80	222.36	286.82	145.02
141.80	141.80	228.81	290.04	141.80
138.57	148.24	222.36	293.26	138.57
154.69	138.57	228.81	293.26	141.80
151.46	148.24	235.25	290.04	141.80
141.80	145.02	238.48	296.48	138.57
135.35	138.57	235.25	293.26	141.80
138.57	145.02	222.36	299.71	154.69
135.35	145.02	215.92	302.93	141.80
141.80	138.57	219.14	293.26	141.80
151.46	138.57	228.81	290.04	141.80
145.02	141.80	225.59	283.59	145.02
135.35	145.02	254.59	283.59	138.57
145.02	145.02	251.37	283.59	135.35
141.80	148.24	257.81	283.59	145.02
141.80	145.02	251.37	270.70	148.24
141.80	148.24	235.25	261.04	148.24
151.46	141.80	228.81	254.59	151.46
157.91	148.24	232.03	248.14	145.02
180.47	145.02	238.48	241.70	141.80
203.03	151.46	228.81	232.03	145.02
225.59	154.69	203.03	209.47	145.02
241.70	174.02	183.69	190.14	141.80
251.37	177.25	177.25	177.25	148.24
261.04	180.47	164.36	151.46	141.80
280.37	180.47	148.24	141.80	145.02
261.04	186.91	148.24	141.80	141.80
261.04	177.25	145.02	148.24	138.57
186.91	145.02	145.02	141.80	138.57
151.46	141.80	145.02	145.02	141.80
141.80	141.80	145.02	145.02	145.02
141.80	141.80	141.80	141.80	138.57
141.80	141.80	141.80	148.24	141.80
141.80	141.80	135.35	141.80	141.80
157.91	148.24	141.80	145.02	145.02
151.46	145.02	145.02	148.24	145.02
141.80	148.24	148.24	145.02	145.02
141.80	141.80	141.80	145.02	141.80
135.35	145.02	148.24	138.57	141.80
141.80	154.69	145.02	145.02	138.57
157.91	141.80	141.80	141.80	141.80
141.80	145.02	141.80	141.80	141.80
145.02	148.24	138.57	141.80	145.02
145.02	154.69	167.58	267.48	138.57
141.80	148.24	212.70	280.37	151.46
145.02	154.69	199.80	273.93	141.80
138.57	148.24	209.47	277.15	141.80
154.69	141.80	225.59	283.59	141.80
138.57	148.24	235.25	286.82	141.80
148.24	148.24	244.92	286.82	145.02
141.80	145.02	261.04	293.26	145.02
138.57	141.80	283.59	312.60	141.80
135.35	138.57	306.15	315.82	138.57
148.24	141.80	319.04	319.04	145.02
135.35	145.02	328.71	319.04	135.35
135.35	148.24	325.49	322.27	135.35
141.80	145.02	328.71	312.60	141.80
145.02	154.69	328.71	312.60	138.57
148.24	138.57	328.71	299.71	141.80
151.46	138.57	322.27	296.48	138.57
151.46	145.02	319.04	302.93	141.80
164.36	145.02	319.04	296.48	138.57
167.58	154.69	306.15	286.82	141.80
183.69	145.02	296.48	277.15	141.80
206.25	145.02	264.26	261.04	148.24
196.58	148.24	232.03	241.70	141.80
199.80	148.24	212.70	235.25	151.46
177.25	148.24	193.36	225.59	141.80
161.13	135.35	186.91	225.59	135.35
148.24	145.02	222.36	244.92	145.02
154.69	148.24	228.81	241.70	167.58
170.80	145.02	190.14	199.80	138.57
177.25	148.24	145.02	141.80	141.80
203.03	154.69	148.24	145.02	209.47
209.47	138.57	148.24	145.02	141.80
138.57	148.24	145.02	141.80	145.02
138.57	145.02	145.02	145.02	145.02
138.57	145.02	151.46	145.02	148.24
141.80	148.24	145.02	145.02	145.02
154.69	141.80	138.57	154.69	145.02
145.02	145.02	148.24	148.24	151.46
141.80	148.24	145.02	141.80	141.80
151.46	138.57	145.02	145.02	138.57
138.57	148.24	145.02	141.80	145.02
141.80	145.02	148.24	148.24	145.02
138.57	145.02	141.80	145.02	151.46
141.80	148.24	145.02	141.80	141.80
138.57	145.02	151.46	225.59	148.24
138.57	151.46	206.25	290.04	145.02
145.02	141.80	228.81	299.71	141.80
141.80	132.13	238.48	309.37	145.02
141.80	157.91	228.81	306.15	138.57
138.57	148.24	215.92	290.04	138.57
151.46	145.02	209.47	286.82	141.80
141.80	141.80	219.14	286.82	141.80
148.24	145.02	228.81	293.26	151.46
141.80	148.24	241.70	280.37	141.80
141.80	145.02	241.70	286.82	148.24
141.80	148.24	254.59	286.82	141.80
135.35	145.02	261.04	286.82	141.80
138.57	145.02	277.15	290.04	138.57
151.46	141.80	302.93	280.37	145.02
154.69	148.24	299.71	273.93	141.80
174.02	148.24	299.71	267.48	141.80
180.47	148.24	302.93	264.26	138.57
190.14	141.80	306.15	267.48	138.57
177.25	145.02	306.15	264.26	145.02
183.69	145.02	306.15	264.26	145.02
177.25	141.80	302.93	257.81	138.57
199.80	145.02	280.37	244.92	135.35
199.80	148.24	257.81	235.25	145.02
209.47	148.24	232.03	203.03	148.24
215.92	148.24	212.70	186.91	141.80
215.92	154.69	190.14	167.58	141.80
225.59	157.91	183.69	145.02	141.80
251.37	164.36	177.25	145.02	141.80
261.04	161.13	183.69	145.02	138.57
280.37	167.58	177.25	145.02	141.80
293.26	167.58	164.36	141.80	141.80
290.04	170.80	148.24	145.02	145.02
319.04	177.25	148.24	145.02	145.02
299.71	167.58	141.80	157.91	141.80
302.93	161.13	141.80	141.80	145.02
257.81	145.02	145.02	141.80	145.02
186.91	151.46	145.02	141.80	141.80
157.91	138.57	141.80	145.02	145.02
154.69	145.02	138.57	145.02	141.80
132.13	145.02	145.02	145.02	148.24
138.57	141.80	145.02	141.80	138.57
151.46	151.46	145.02	145.02	138.57
148.24	141.80	141.80	141.80	141.80
141.80	148.24	154.69	138.57	132.13
154.69	141.80	145.02	141.80	141.80
141.80	148.24	145.02	138.57	145.02
145.02	145.02	157.91	138.57	141.80
141.80	148.24	145.02	148.24	145.02
138.57	145.02	141.80	145.02	145.02
145.02	141.80	138.57	148.24	138.57
145.02	138.57	145.02	141.80	148.24
151.46	148.24	145.02	219.14	141.80
145.02	145.02	212.70	280.37	135.35
138.57	148.24	248.14	293.26	138.57
138.57	145.02	267.48	315.82	145.02
141.80	141.80	270.70	319.04	141.80
138.57	148.24	273.93	322.27	154.69
141.80	145.02	273.93	319.04	141.80
151.46	145.02	290.04	312.60	148.24
138.57	145.02	293.26	306.15	145.02
148.24	141.80	293.26	306.15	145.02
151.46	141.80	293.26	299.71	145.02
141.80	141.80	293.26	290.04	141.80
193.36	141.80	299.71	280.37	145.02
180.47	148.24	290.04	261.04	145.02
190.14	145.02	283.59	254.59	141.80
190.14	148.24	267.48	248.14	125.68
209.47	141.80	251.37	241.70	141.80
203.03	145.02	251.37	235.25	141.80
203.03	154.69	254.59	235.25	145.02
199.80	151.46	244.92	219.14	141.80
228.81	148.24	244.92	212.70	145.02
225.59	151.46	244.92	212.70	145.02
235.25	151.46	241.70	203.03	141.80
244.92	161.13	206.25	199.80	145.02
254.59	170.80	167.58	148.24	145.02
283.59	174.02	145.02	145.02	135.35
283.59	174.02	145.02	141.80	145.02
273.93	174.02	148.24	138.57	141.80
264.26	161.13	148.24	141.80	145.02
186.91	148.24	138.57	145.02	141.80
151.46	154.69	145.02	145.02	145.02
141.80	145.02	148.24	141.80	141.80
138.57	145.02	138.57	138.57	138.57
145.02	141.80	145.02	141.80	141.80
145.02	145.02	145.02	145.02	141.80
151.46	138.57	138.57	141.80	141.80
154.69	138.57	145.02	145.02	151.46
145.02	151.46	141.80	145.02	141.80
148.24	141.80	138.57	141.80	135.35
138.57	157.91	145.02	141.80	141.80
151.46	151.46	151.46	138.57	138.57
141.80	148.24	138.57	145.02	141.80
138.57	145.02	148.24	141.80	141.80
138.57	151.46	141.80	148.24	141.80
151.46	138.57	138.57	145.02	141.80
145.02	148.24	174.02	241.70	145.02
148.24	141.80	270.70	290.04	148.24
151.46	145.02	290.04	312.60	141.80
141.80	148.24	299.71	325.49	141.80
141.80	145.02	306.15	325.49	145.02
141.80	148.24	312.60	325.49	145.02
138.57	141.80	293.26	315.82	141.80
145.02	164.36	286.82	302.93	138.57
125.68	148.24	286.82	302.93	138.57
151.46	141.80	283.59	296.48	141.80
148.24	145.02	302.93	306.15	141.80
154.69	151.46	319.04	299.71	141.80
138.57	145.02	328.71	290.04	148.24
170.80	138.57	322.27	270.70	138.57
190.14	148.24	312.60	257.81	141.80
206.25	145.02	283.59	219.14	141.80
238.48	164.36	251.37	196.58	141.80
244.92	151.46	235.25	183.69	141.80
238.48	170.80	219.14	164.36	145.02
257.81	161.13	209.47	151.46	141.80
254.59	180.47	186.91	145.02	141.80
254.59	186.91	174.02	148.24	138.57
264.26	170.80	145.02	141.80	141.80
261.04	170.80	141.80	141.80	141.80
267.48	157.91	141.80	145.02	141.80
219.14	145.02	145.02	141.80	145.02
141.80	145.02	141.80	148.24	145.02
154.69	141.80	148.24	141.80	141.80
138.57	138.57	145.02	141.80	145.02
135.35	157.91	141.80	145.02	141.80
141.80	148.24	141.80	141.80	141.80
148.24	145.02	145.02	145.02	141.80
138.57	148.24	145.02	141.80	141.80
141.80	141.80	145.02	145.02	138.57
141.80	141.80	154.69	145.02	141.80
138.57	145.02	145.02	138.57	145.02
141.80	148.24	141.80	145.02	141.80
138.57	145.02	135.35	145.02	135.35
145.02	145.02	151.46	145.02	145.02
154.69	145.02	196.58	203.03	141.80
138.57	141.80	212.70	212.70	141.80
141.80	145.02	215.92	225.59	138.57
154.69	145.02	225.59	241.70	148.24
148.24	141.80	225.59	241.70	145.02
145.02	141.80	222.36	241.70	145.02
141.80	145.02	228.81	241.70	145.02
138.57	148.24	225.59	241.70	145.02
141.80	145.02	228.81	244.92	135.35
141.80	145.02	251.37	241.70	138.57
154.69	141.80	238.48	244.92	141.80
145.02	148.24	238.48	241.70	148.24
141.80	141.80	238.48	244.92	138.57
145.02	141.80	241.70	241.70	148.24
148.24	141.80	244.92	238.48	141.80
154.69	145.02	241.70	232.03	141.80
161.13	138.57	241.70	225.59	141.80
164.36	148.24	241.70	222.36	141.80
164.36	145.02	238.48	219.14	145.02
170.80	141.80	248.14	225.59	145.02
161.13	151.46	241.70	225.59	151.46
157.91	141.80	241.70	228.81	141.80
157.91	145.02	244.92	225.59	148.24
164.36	148.24	248.14	225.59	141.80
161.13	145.02	241.70	235.25	138.57
157.91	145.02	244.92	232.03	141.80
170.80	145.02	248.14	225.59	138.57
161.13	145.02	248.14	248.14	148.24
174.02	138.57	248.14	228.81	141.80
157.91	148.24	244.92	225.59	145.02
161.13	141.80	241.70	228.81	145.02
180.47	145.02	248.14	232.03	148.24
174.02	145.02	251.37	235.25	141.80
167.58	145.02	251.37	225.59	145.02
157.91	151.46	248.14	219.14	141.80
174.02	148.24	251.37	228.81	145.02
170.80	145.02	248.14	228.81	145.02
161.13	148.24	251.37	228.81	141.80
1				
