=~=~=~=~=~=~=~=~=~=~=~= PuTTY log 2022.01.09 11:50:10 =~=~=~=~=~=~=~=~=~=~=~=
280.37	277.15	357.71	338.38	386.72
286.82	277.15	357.71	331.93	383.50
283.59	280.37	351.27	328.71	386.72
280.37	273.93	344.82	319.04	402.83
293.26	280.37	338.38	299.71	383.50
277.15	270.70	315.82	280.37	367.38
286.82	273.93	296.48	277.15	348.05
293.26	267.48	280.37	277.15	331.93
270.70	270.70	283.59	277.15	319.04
270.70	277.15	280.37	273.93	290.04
273.93	267.48	302.93	277.15	280.37
283.59	267.48	273.93	277.15	280.37
280.37	280.37	280.37	280.37	283.59
273.93	283.59	280.37	273.93	280.37
293.26	290.04	280.37	277.15	267.48
277.15	286.82	283.59	277.15	286.82
286.82	280.37	286.82	277.15	283.59
280.37	283.59	296.48	277.15	283.59
273.93	286.82	283.59	277.15	286.82
283.59	280.37	280.37	277.15	280.37
273.93	283.59	283.59	277.15	280.37
283.59	280.37	280.37	280.37	283.59
277.15	286.82	302.93	273.93	273.93
273.93	283.59	351.27	328.71	280.37
283.59	290.04	380.27	396.39	286.82
273.93	286.82	389.94	409.28	277.15
286.82	290.04	399.61	428.61	286.82
290.04	283.59	399.61	441.50	293.26
280.37	283.59	406.05	457.62	306.15
296.48	273.93	415.72	473.73	328.71
286.82	293.26	415.72	473.73	354.49
309.37	283.59	418.95	470.51	370.61
306.15	280.37	406.05	473.73	393.16
322.27	290.04	402.83	460.84	415.72
322.27	309.37	389.94	441.50	428.61
335.16	309.37	373.83	425.39	447.95
348.05	331.93	357.71	406.05	480.18
351.27	335.16	338.38	383.50	499.51
364.16	344.82	319.04	364.16	515.62
360.94	344.82	302.93	344.82	522.07
364.16	351.27	302.93	322.27	525.29
364.16	354.49	293.26	319.04	534.96
360.94	354.49	302.93	328.71	541.41
351.27	344.82	296.48	322.27	551.07
357.71	328.71	299.71	322.27	551.07
351.27	319.04	302.93	331.93	551.07
331.93	315.82	306.15	331.93	563.96
344.82	302.93	312.60	360.94	563.96
328.71	296.48	293.26	293.26	567.19
341.60	293.26	283.59	283.59	583.30
319.04	299.71	283.59	273.93	586.52
319.04	299.71	280.37	280.37	602.64
319.04	302.93	280.37	270.70	592.97
299.71	309.37	273.93	270.70	576.86
277.15	293.26	283.59	270.70	541.41
277.15	283.59	280.37	277.15	473.73
273.93	367.38	277.15	273.93	393.16
273.93	302.93	277.15	280.37	302.93
277.15	296.48	280.37	286.82	286.82
277.15	290.04	280.37	280.37	280.37
273.93	261.04	283.59	273.93	283.59
270.70	290.04	283.59	277.15	280.37
273.93	270.70	280.37	280.37	283.59
277.15	290.04	280.37	277.15	283.59
273.93	277.15	283.59	280.37	277.15
277.15	283.59	280.37	280.37	280.37
270.70	273.93	286.82	280.37	273.93
273.93	273.93	277.15	273.93	280.37
286.82	270.70	280.37	270.70	283.59
270.70	280.37	280.37	280.37	280.37
290.04	283.59	280.37	273.93	286.82
267.48	286.82	312.60	280.37	283.59
283.59	299.71	422.17	480.18	273.93
280.37	283.59	412.50	483.40	277.15
270.70	280.37	402.83	512.40	283.59
273.93	280.37	428.61	515.62	309.37
277.15	286.82	435.06	522.07	344.82
309.37	312.60	422.17	518.85	370.61
328.71	383.50	412.50	502.73	399.61
341.60	444.73	386.72	489.84	422.17
367.38	499.51	364.16	454.39	444.73
393.16	557.52	325.49	402.83	476.95
399.61	589.75	299.71	351.27	499.51
415.72	599.41	283.59	306.15	515.62
415.72	605.86	280.37	283.59	528.52
418.95	589.75	280.37	267.48	544.63
389.94	586.52	277.15	270.70	547.85
386.72	586.52	277.15	270.70	554.30
402.83	589.75	299.71	270.70	557.52
393.16	589.75	280.37	270.70	560.74
389.94	602.64	277.15	270.70	570.41
406.05	599.41	273.93	267.48	586.52
406.05	557.52	273.93	270.70	576.86
399.61	557.52	277.15	270.70	583.30
422.17	544.63	267.48	273.93	605.86
415.72	570.41	270.70	270.70	605.86
415.72	563.96	270.70	241.70	618.75
399.61	573.63	270.70	267.48	618.75
373.83	560.74	267.48	270.70	615.53
312.60	538.18	270.70	270.70	609.08
277.15	522.07	273.93	273.93	554.30
273.93	470.51	273.93	270.70	451.17
283.59	412.50	277.15	277.15	351.27
277.15	344.82	280.37	280.37	299.71
277.15	312.60	280.37	277.15	280.37
270.70	296.48	277.15	277.15	283.59
286.82	267.48	277.15	273.93	283.59
273.93	280.37	277.15	277.15	280.37
273.93	273.93	277.15	273.93	280.37
280.37	283.59	277.15	277.15	283.59
280.37	264.26	280.37	277.15	280.37
286.82	280.37	277.15	273.93	283.59
277.15	280.37	280.37	273.93	283.59
280.37	280.37	283.59	273.93	273.93
277.15	273.93	273.93	273.93	283.59
296.48	267.48	280.37	277.15	280.37
286.82	293.26	283.59	280.37	280.37
286.82	296.48	325.49	302.93	267.48
290.04	267.48	383.50	428.61	286.82
283.59	280.37	396.39	441.50	319.04
280.37	283.59	399.61	464.06	370.61
312.60	293.26	383.50	425.39	409.28
331.93	306.15	354.49	418.95	444.73
354.49	322.27	341.60	412.50	473.73
389.94	341.60	302.93	380.27	499.51
386.72	447.95	306.15	357.71	522.07
386.72	486.62	299.71	335.16	534.96
380.27	486.62	283.59	312.60	531.74
370.61	483.40	280.37	296.48	547.85
373.83	489.84	299.71	283.59	551.07
373.83	502.73	277.15	273.93	557.52
386.72	502.73	273.93	273.93	573.63
383.50	505.96	277.15	261.04	599.41
380.27	464.06	270.70	273.93	596.19
367.38	428.61	273.93	270.70	602.64
354.49	399.61	273.93	267.48	612.30
367.38	534.96	277.15	270.70	618.75
335.16	499.51	270.70	277.15	618.75
293.26	460.84	273.93	277.15	621.97
277.15	386.72	273.93	270.70	589.75
280.37	344.82	277.15	270.70	505.96
273.93	283.59	277.15	277.15	312.60
286.82	257.81	280.37	280.37	286.82
270.70	257.81	277.15	277.15	290.04
277.15	251.37	277.15	273.93	277.15
270.70	290.04	273.93	264.26	286.82
273.93	273.93	277.15	280.37	286.82
277.15	267.48	277.15	277.15	280.37
273.93	286.82	277.15	277.15	277.15
277.15	290.04	280.37	277.15	283.59
286.82	261.04	277.15	283.59	280.37
277.15	290.04	277.15	280.37	283.59
267.48	286.82	277.15	277.15	286.82
290.04	280.37	277.15	280.37	286.82
270.70	273.93	280.37	273.93	293.26
273.93	270.70	277.15	280.37	280.37
273.93	261.04	286.82	273.93	277.15
286.82	290.04	370.61	406.05	299.71
286.82	286.82	373.83	406.05	383.50
273.93	293.26	396.39	451.17	418.95
290.04	299.71	402.83	483.40	438.28
319.04	354.49	389.94	480.18	460.84
331.93	402.83	377.05	470.51	486.62
351.27	431.84	360.94	447.95	493.07
354.49	451.17	338.38	422.17	509.18
364.16	464.06	328.71	406.05	515.62
351.27	460.84	322.27	383.50	525.29
348.05	447.95	312.60	393.16	538.18
364.16	464.06	299.71	341.60	531.74
364.16	467.29	293.26	325.49	544.63
357.71	476.95	280.37	296.48	554.30
373.83	473.73	277.15	267.48	563.96
383.50	460.84	280.37	270.70	589.75
373.83	480.18	280.37	270.70	586.52
383.50	505.96	277.15	267.48	596.19
399.61	534.96	277.15	270.70	612.30
396.39	534.96	270.70	270.70	625.20
386.72	538.18	267.48	264.26	628.42
322.27	531.74	273.93	273.93	628.42
277.15	460.84	273.93	273.93	583.30
273.93	357.71	293.26	273.93	386.72
273.93	309.37	264.26	273.93	293.26
273.93	277.15	280.37	277.15	286.82
283.59	261.04	277.15	277.15	280.37
290.04	315.82	277.15	286.82	283.59
273.93	296.48	277.15	277.15	283.59
273.93	277.15	280.37	273.93	277.15
273.93	277.15	277.15	277.15	277.15
283.59	280.37	277.15	273.93	277.15
270.70	273.93	277.15	280.37	283.59
277.15	277.15	277.15	280.37	280.37
286.82	280.37	277.15	280.37	280.37
273.93	267.48	280.37	277.15	280.37
286.82	299.71	280.37	277.15	280.37
273.93	302.93	315.82	280.37	283.59
280.37	296.48	360.94	389.94	283.59
277.15	296.48	351.27	377.05	302.93
296.48	293.26	364.16	389.94	367.38
302.93	299.71	367.38	399.61	415.72
344.82	370.61	354.49	377.05	441.50
364.16	415.72	338.38	357.71	476.95
393.16	454.39	319.04	322.27	493.07
396.39	467.29	302.93	302.93	509.18
393.16	476.95	290.04	277.15	525.29
399.61	486.62	283.59	273.93	538.18
409.28	489.84	277.15	273.93	554.30
409.28	483.40	277.15	290.04	554.30
406.05	470.51	280.37	277.15	567.19
383.50	460.84	277.15	273.93	573.63
370.61	441.50	273.93	270.70	583.30
364.16	412.50	277.15	270.70	609.08
338.38	393.16	273.93	270.70	612.30
344.82	393.16	273.93	273.93	625.20
325.49	383.50	270.70	273.93	634.86
322.27	348.05	273.93	273.93	638.09
293.26	309.37	273.93	270.70	631.64
273.93	306.15	273.93	277.15	615.53
277.15	286.82	277.15	273.93	493.07
273.93	286.82	277.15	273.93	302.93
277.15	293.26	283.59	277.15	286.82
286.82	283.59	273.93	277.15	277.15
273.93	290.04	277.15	277.15	277.15
270.70	293.26	280.37	277.15	283.59
283.59	286.82	277.15	277.15	280.37
283.59	293.26	286.82	277.15	283.59
280.37	296.48	277.15	273.93	280.37
283.59	290.04	277.15	280.37	286.82
277.15	277.15	277.15	277.15	280.37
290.04	283.59	277.15	277.15	277.15
280.37	293.26	280.37	277.15	280.37
283.59	293.26	280.37	273.93	270.70
273.93	293.26	283.59	270.70	286.82
286.82	277.15	399.61	438.28	277.15
273.93	293.26	396.39	435.06	280.37
280.37	261.04	409.28	460.84	296.48
283.59	315.82	441.50	483.40	328.71
306.15	286.82	464.06	483.40	354.49
319.04	306.15	451.17	480.18	364.16
344.82	299.71	454.39	470.51	370.61
370.61	322.27	444.73	441.50	383.50
399.61	315.82	435.06	431.84	396.39
402.83	335.16	409.28	415.72	409.28
428.61	344.82	399.61	383.50	428.61
435.06	348.05	377.05	360.94	444.73
451.17	354.49	367.38	344.82	464.06
473.73	348.05	344.82	319.04	489.84
476.95	348.05	322.27	299.71	483.40
464.06	351.27	309.37	306.15	509.18
464.06	348.05	290.04	270.70	522.07
435.06	348.05	280.37	277.15	541.41
415.72	344.82	280.37	270.70	554.30
418.95	341.60	273.93	273.93	589.75
402.83	338.38	273.93	267.48	599.41
409.28	335.16	273.93	273.93	612.30
383.50	331.93	270.70	267.48	615.53
383.50	328.71	273.93	270.70	628.42
341.60	315.82	280.37	273.93	634.86
306.15	296.48	270.70	277.15	641.31
290.04	267.48	273.93	270.70	605.86
286.82	257.81	270.70	280.37	470.51
277.15	235.25	277.15	277.15	309.37
273.93	244.92	277.15	273.93	283.59
273.93	257.81	277.15	277.15	286.82
277.15	244.92	280.37	283.59	283.59
273.93	277.15	273.93	277.15	277.15
270.70	280.37	283.59	277.15	277.15
283.59	302.93	280.37	273.93	273.93
286.82	293.26	277.15	270.70	283.59
277.15	290.04	277.15	280.37	277.15
273.93	293.26	277.15	277.15	283.59
283.59	286.82	273.93	273.93	277.15
277.15	299.71	277.15	273.93	280.37
273.93	293.26	277.15	280.37	280.37
286.82	286.82	280.37	273.93	280.37
286.82	280.37	364.16	280.37	277.15
273.93	270.70	425.39	393.16	273.93
270.70	293.26	386.72	389.94	283.59
283.59	283.59	399.61	425.39	309.37
312.60	296.48	431.84	451.17	338.38
322.27	296.48	441.50	470.51	370.61
331.93	299.71	435.06	476.95	406.05
341.60	293.26	438.28	476.95	415.72
351.27	302.93	431.84	470.51	438.28
357.71	322.27	412.50	451.17	444.73
377.05	322.27	399.61	428.61	457.62
425.39	331.93	380.27	393.16	470.51
431.84	438.28	360.94	357.71	480.18
425.39	415.72	344.82	325.49	493.07
435.06	383.50	312.60	299.71	505.96
454.39	367.38	296.48	273.93	522.07
431.84	367.38	277.15	270.70	538.18
422.17	357.71	270.70	270.70	554.30
409.28	357.71	273.93	273.93	586.52
402.83	354.49	270.70	267.48	599.41
396.39	351.27	270.70	273.93	612.30
386.72	344.82	273.93	270.70	621.97
383.50	341.60	270.70	270.70	631.64
373.83	325.49	270.70	270.70	638.09
341.60	331.93	270.70	273.93	644.53
306.15	493.07	273.93	277.15	631.64
286.82	486.62	273.93	273.93	596.19
283.59	431.84	277.15	273.93	476.95
286.82	364.16	273.93	277.15	312.60
277.15	309.37	277.15	277.15	286.82
273.93	286.82	277.15	277.15	286.82
273.93	257.81	277.15	277.15	280.37
270.70	280.37	273.93	273.93	280.37
296.48	270.70	277.15	280.37	277.15
290.04	293.26	280.37	277.15	283.59
273.93	277.15	280.37	280.37	273.93
277.15	280.37	273.93	280.37	283.59
270.70	286.82	280.37	273.93	277.15
270.70	283.59	277.15	273.93	283.59
286.82	277.15	277.15	273.93	283.59
273.93	277.15	273.93	273.93	280.37
277.15	267.48	277.15	270.70	290.04
273.93	273.93	277.15	283.59	277.15
290.04	264.26	286.82	280.37	296.48
273.93	293.26	460.84	435.06	277.15
273.93	280.37	454.39	486.62	280.37
264.26	273.93	467.29	512.40	277.15
277.15	290.04	480.18	525.29	299.71
273.93	280.37	473.73	518.85	331.93
286.82	280.37	467.29	515.62	370.61
286.82	283.59	473.73	512.40	396.39
312.60	299.71	457.62	499.51	412.50
328.71	299.71	428.61	480.18	431.84
341.60	299.71	402.83	464.06	460.84
354.49	309.37	383.50	425.39	467.29
344.82	309.37	360.94	389.94	483.40
344.82	299.71	338.38	344.82	496.29
360.94	302.93	312.60	312.60	505.96
380.27	309.37	290.04	270.70	525.29
373.83	315.82	273.93	273.93	544.63
370.61	360.94	273.93	277.15	560.74
383.50	551.07	270.70	270.70	586.52
380.27	567.19	270.70	267.48	592.97
377.05	570.41	273.93	270.70	605.86
370.61	583.30	273.93	273.93	615.53
354.49	592.97	270.70	273.93	615.53
319.04	586.52	283.59	273.93	621.97
280.37	560.74	273.93	270.70	596.19
283.59	483.40	277.15	273.93	493.07
277.15	412.50	273.93	280.37	312.60
286.82	273.93	277.15	277.15	280.37
277.15	280.37	277.15	277.15	286.82
283.59	277.15	277.15	280.37	280.37
277.15	273.93	273.93	270.70	280.37
286.82	273.93	277.15	273.93	286.82
286.82	296.48	280.37	277.15	280.37
267.48	312.60	277.15	277.15	283.59
277.15	293.26	280.37	277.15	277.15
277.15	286.82	277.15	277.15	283.59
286.82	286.82	273.93	290.04	280.37
273.93	283.59	280.37	280.37	277.15
270.70	293.26	273.93	273.93	277.15
273.93	286.82	280.37	273.93	280.37
273.93	293.26	280.37	273.93	280.37
286.82	290.04	277.15	273.93	280.37
270.70	277.15	299.71	277.15	280.37
280.37	286.82	447.95	399.61	273.93
273.93	290.04	444.73	451.17	280.37
286.82	283.59	451.17	489.84	277.15
280.37	283.59	451.17	467.29	319.04
299.71	283.59	441.50	454.39	377.05
338.38	299.71	425.39	431.84	412.50
364.16	315.82	402.83	406.05	431.84
396.39	312.60	383.50	373.83	447.95
428.61	325.49	370.61	344.82	457.62
438.28	328.71	357.71	325.49	464.06
444.73	341.60	335.16	306.15	467.29
451.17	348.05	319.04	286.82	480.18
444.73	351.27	296.48	273.93	502.73
460.84	357.71	283.59	270.70	522.07
435.06	364.16	277.15	277.15	531.74
422.17	367.38	277.15	273.93	544.63
428.61	370.61	280.37	270.70	551.07
406.05	360.94	273.93	270.70	560.74
418.95	344.82	270.70	270.70	589.75
406.05	341.60	273.93	270.70	596.19
396.39	344.82	270.70	267.48	592.97
389.94	338.38	254.59	273.93	596.19
377.05	344.82	270.70	270.70	605.86
360.94	322.27	270.70	270.70	605.86
290.04	312.60	273.93	273.93	580.08
273.93	290.04	273.93	277.15	525.29
286.82	261.04	280.37	277.15	309.37
273.93	261.04	280.37	273.93	286.82
273.93	264.26	267.48	280.37	280.37
283.59	267.48	280.37	277.15	280.37
293.26	283.59	277.15	283.59	286.82
299.71	244.92	277.15	280.37	283.59
273.93	261.04	273.93	273.93	283.59
280.37	309.37	277.15	277.15	280.37
273.93	283.59	277.15	277.15	283.59
290.04	270.70	280.37	273.93	277.15
280.37	267.48	273.93	273.93	283.59
267.48	277.15	277.15	280.37	277.15
283.59	270.70	283.59	277.15	273.93
267.48	267.48	264.26	280.37	283.59
273.93	264.26	280.37	273.93	280.37
277.15	264.26	277.15	280.37	277.15
273.93	270.70	283.59	277.15	283.59
273.93	277.15	399.61	273.93	280.37
273.93	273.93	447.95	409.28	273.93
270.70	296.48	476.95	486.62	283.59
270.70	293.26	483.40	531.74	270.70
273.93	290.04	496.29	531.74	280.37
270.70	296.48	496.29	528.52	319.04
283.59	290.04	486.62	538.18	354.49
277.15	296.48	476.95	528.52	377.05
270.70	277.15	454.39	522.07	399.61
273.93	286.82	438.28	505.96	406.05
290.04	277.15	402.83	480.18	418.95
290.04	270.70	377.05	425.39	441.50
299.71	277.15	348.05	364.16	467.29
344.82	306.15	315.82	309.37	502.73
357.71	393.16	286.82	273.93	531.74
383.50	470.51	280.37	277.15	538.18
406.05	531.74	277.15	273.93	554.30
406.05	563.96	277.15	267.48	563.96
431.84	596.19	280.37	270.70	589.75
415.72	602.64	270.70	273.93	602.64
415.72	615.53	273.93	273.93	615.53
412.50	625.20	273.93	267.48	628.42
409.28	618.75	270.70	270.70	618.75
335.16	625.20	270.70	273.93	618.75
277.15	596.19	273.93	277.15	560.74
286.82	499.51	277.15	270.70	406.05
280.37	309.37	280.37	277.15	293.26
273.93	296.48	277.15	280.37	280.37
277.15	290.04	277.15	277.15	283.59
270.70	261.04	280.37	277.15	280.37
280.37	296.48	277.15	277.15	277.15
286.82	280.37	283.59	273.93	277.15
270.70	277.15	273.93	273.93	280.37
280.37	280.37	273.93	273.93	283.59
290.04	283.59	273.93	273.93	280.37
273.93	277.15	277.15	283.59	286.82
273.93	273.93	273.93	277.15	283.59
286.82	283.59	277.15	280.37	283.59
286.82	277.15	273.93	277.15	277.15
273.93	273.93	277.15	273.93	277.15
280.37	277.15	277.15	277.15	280.37
280.37	290.04	277.15	286.82	280.37
273.93	286.82	283.59	273.93	283.59
277.15	283.59	386.72	280.37	280.37
270.70	286.82	454.39	415.72	277.15
270.70	283.59	438.28	431.84	280.37
290.04	283.59	441.50	428.61	309.37
293.26	302.93	435.06	431.84	351.27
312.60	315.82	435.06	451.17	396.39
331.93	325.49	422.17	431.84	418.95
380.27	348.05	396.39	412.50	435.06
428.61	360.94	377.05	380.27	444.73
444.73	367.38	364.16	351.27	457.62
438.28	367.38	335.16	325.49	470.51
457.62	380.27	322.27	306.15	486.62
460.84	377.05	306.15	286.82	493.07
460.84	373.83	286.82	273.93	509.18
447.95	380.27	277.15	270.70	518.85
457.62	377.05	277.15	270.70	541.41
435.06	373.83	277.15	270.70	551.07
451.17	541.41	273.93	270.70	557.52
438.28	560.74	273.93	290.04	580.08
418.95	557.52	270.70	270.70	592.97
402.83	563.96	270.70	270.70	605.86
389.94	576.86	277.15	267.48	615.53
380.27	560.74	277.15	267.48	609.08
348.05	534.96	267.48	277.15	583.30
299.71	447.95	277.15	273.93	531.74
273.93	360.94	277.15	277.15	377.05
273.93	296.48	277.15	277.15	293.26
290.04	280.37	273.93	293.26	277.15
283.59	277.15	286.82	273.93	277.15
270.70	283.59	277.15	277.15	280.37
280.37	283.59	283.59	277.15	283.59
280.37	280.37	277.15	267.48	283.59
277.15	273.93	277.15	277.15	280.37
270.70	293.26	283.59	273.93	280.37
286.82	290.04	277.15	280.37	283.59
273.93	293.26	277.15	277.15	277.15
286.82	290.04	273.93	273.93	280.37
293.26	286.82	277.15	277.15	277.15
273.93	290.04	277.15	277.15	277.15
270.70	290.04	273.93	283.59	267.48
270.70	293.26	280.37	273.93	280.37
273.93	290.04	277.15	277.15	283.59
277.15	296.48	286.82	280.37	280.37
267.48	277.15	457.62	335.16	280.37
270.70	293.26	460.84	438.28	273.93
270.70	286.82	489.84	512.40	280.37
261.04	286.82	489.84	528.52	277.15
273.93	270.70	473.73	518.85	286.82
296.48	264.26	467.29	509.18	331.93
319.04	293.26	438.28	473.73	393.16
357.71	296.48	406.05	444.73	415.72
351.27	296.48	380.27	415.72	438.28
354.49	296.48	351.27	377.05	444.73
357.71	293.26	325.49	331.93	464.06
367.38	280.37	299.71	306.15	483.40
373.83	270.70	286.82	270.70	502.73
364.16	290.04	277.15	273.93	525.29
370.61	299.71	277.15	273.93	551.07
351.27	315.82	280.37	270.70	554.30
344.82	331.93	277.15	277.15	570.41
357.71	344.82	273.93	273.93	586.52
341.60	360.94	261.04	270.70	605.86
338.38	380.27	273.93	273.93	609.08
328.71	383.50	273.93	273.93	618.75
309.37	373.83	277.15	280.37	621.97
290.04	364.16	270.70	273.93	583.30
273.93	322.27	273.93	273.93	499.51
290.04	273.93	280.37	273.93	299.71
290.04	286.82	277.15	280.37	286.82
273.93	290.04	273.93	273.93	283.59
273.93	290.04	277.15	277.15	277.15
277.15	293.26	273.93	277.15	280.37
270.70	283.59	280.37	277.15	283.59
280.37	280.37	270.70	280.37	280.37
286.82	277.15	277.15	273.93	283.59
273.93	273.93	273.93	280.37	280.37
273.93	277.15	273.93	280.37	273.93
273.93	277.15	270.70	277.15	283.59
277.15	283.59	277.15	277.15	277.15
267.48	280.37	277.15	273.93	286.82
283.59	273.93	277.15	273.93	277.15
277.15	280.37	273.93	273.93	280.37
270.70	296.48	299.71	277.15	283.59
277.15	290.04	473.73	418.95	277.15
270.70	286.82	486.62	505.96	280.37
283.59	277.15	483.40	525.29	277.15
273.93	302.93	480.18	534.96	283.59
267.48	296.48	493.07	538.18	293.26
286.82	299.71	489.84	541.41	319.04
299.71	293.26	476.95	534.96	354.49
338.38	296.48	464.06	522.07	364.16
386.72	302.93	447.95	515.62	389.94
441.50	315.82	435.06	476.95	393.16
467.29	331.93	425.39	454.39	402.83
493.07	319.04	412.50	438.28	399.61
515.62	309.37	399.61	444.73	406.05
505.96	322.27	393.16	418.95	415.72
512.40	325.49	367.38	386.72	425.39
509.18	328.71	338.38	335.16	441.50
509.18	328.71	306.15	286.82	470.51
493.07	328.71	280.37	273.93	486.62
493.07	341.60	273.93	273.93	512.40
509.18	354.49	273.93	270.70	534.96
502.73	364.16	270.70	270.70	551.07
493.07	360.94	270.70	270.70	551.07
467.29	354.49	280.37	273.93	560.74
377.05	338.38	270.70	273.93	554.30
293.26	331.93	277.15	280.37	493.07
280.37	331.93	273.93	277.15	331.93
280.37	286.82	280.37	273.93	296.48
286.82	267.48	277.15	280.37	280.37
293.26	277.15	277.15	277.15	273.93
283.59	270.70	283.59	273.93	283.59
283.59	264.26	277.15	264.26	280.37
286.82	277.15	290.04	293.26	277.15
277.15	277.15	280.37	273.93	277.15
273.93	277.15	277.15	273.93	280.37
280.37	277.15	273.93	277.15	280.37
273.93	277.15	277.15	273.93	280.37
283.59	277.15	277.15	277.15	277.15
286.82	277.15	273.93	280.37	277.15
273.93	273.93	273.93	277.15	280.37
273.93	277.15	280.37	277.15	283.59
286.82	290.04	322.27	277.15	280.37
273.93	277.15	438.28	377.05	277.15
280.37	277.15	431.84	444.73	273.93
273.93	273.93	444.73	489.84	277.15
270.70	273.93	460.84	518.85	280.37
280.37	277.15	470.51	531.74	286.82
286.82	273.93	499.51	538.18	296.48
277.15	277.15	486.62	544.63	299.71
312.60	273.93	480.18	544.63	315.82
351.27	273.93	486.62	538.18	344.82
386.72	273.93	464.06	531.74	351.27
415.72	270.70	447.95	509.18	367.38
428.61	280.37	431.84	496.29	380.27
422.17	277.15	415.72	470.51	389.94
415.72	273.93	402.83	441.50	422.17
406.05	273.93	373.83	412.50	422.17
393.16	306.15	348.05	354.49	438.28
377.05	283.59	315.82	312.60	467.29
351.27	277.15	290.04	270.70	496.29
344.82	273.93	280.37	277.15	518.85
335.16	277.15	277.15	273.93	528.52
331.93	277.15	273.93	273.93	541.41
315.82	286.82	273.93	277.15	547.85
280.37	273.93	277.15	270.70	544.63
277.15	277.15	273.93	277.15	493.07
277.15	277.15	261.04	277.15	354.49
273.93	277.15	280.37	273.93	283.59
277.15	299.71	283.59	277.15	277.15
273.93	261.04	273.93	280.37	283.59
277.15	290.04	277.15	273.93	283.59
270.70	290.04	277.15	280.37	283.59
273.93	293.26	277.15	283.59	277.15
267.48	290.04	273.93	273.93	277.15
286.82	286.82	277.15	273.93	283.59
283.59	283.59	277.15	270.70	280.37
273.93	283.59	277.15	283.59	286.82
286.82	286.82	280.37	277.15	280.37
277.15	280.37	280.37	277.15	280.37
273.93	277.15	283.59	273.93	283.59
286.82	277.15	299.71	280.37	280.37
267.48	280.37	406.05	389.94	283.59
283.59	283.59	406.05	425.39	286.82
277.15	273.93	409.28	422.17	293.26
322.27	286.82	418.95	435.06	319.04
399.61	357.71	422.17	435.06	357.71
406.05	286.82	422.17	438.28	377.05
435.06	302.93	425.39	418.95	380.27
441.50	328.71	425.39	428.61	386.72
483.40	344.82	415.72	418.95	396.39
486.62	370.61	399.61	399.61	422.17
502.73	380.27	380.27	370.61	438.28
509.18	396.39	341.60	319.04	470.51
502.73	402.83	306.15	283.59	486.62
473.73	399.61	290.04	273.93	509.18
489.84	406.05	280.37	270.70	525.29
483.40	422.17	273.93	270.70	534.96
493.07	435.06	280.37	273.93	547.85
509.18	457.62	267.48	270.70	554.30
525.29	483.40	273.93	270.70	560.74
544.63	499.51	273.93	270.70	567.19
544.63	528.52	273.93	273.93	567.19
547.85	534.96	273.93	277.15	580.08
505.96	528.52	270.70	273.93	580.08
467.29	512.40	273.93	273.93	573.63
402.83	473.73	273.93	273.93	509.18
296.48	389.94	277.15	273.93	338.38
280.37	286.82	277.15	273.93	286.82
280.37	273.93	277.15	270.70	280.37
273.93	280.37	277.15	277.15	283.59
277.15	277.15	273.93	280.37	283.59
277.15	280.37	277.15	273.93	290.04
273.93	286.82	273.93	277.15	283.59
286.82	273.93	277.15	283.59	280.37
270.70	277.15	286.82	277.15	277.15
273.93	277.15	277.15	277.15	280.37
277.15	277.15	273.93	273.93	280.37
283.59	273.93	273.93	277.15	280.37
273.93	286.82	280.37	283.59	280.37
293.26	277.15	277.15	273.93	280.37
273.93	277.15	286.82	273.93	277.15
277.15	293.26	302.93	277.15	283.59
270.70	273.93	454.39	435.06	280.37
277.15	283.59	438.28	454.39	277.15
273.93	277.15	444.73	451.17	302.93
309.37	296.48	444.73	454.39	348.05
331.93	306.15	441.50	464.06	377.05
344.82	280.37	444.73	470.51	396.39
360.94	306.15	435.06	460.84	415.72
389.94	312.60	418.95	447.95	428.61
393.16	306.15	402.83	435.06	438.28
402.83	312.60	377.05	396.39	460.84
422.17	322.27	351.27	357.71	470.51
444.73	315.82	328.71	315.82	489.84
480.18	302.93	306.15	286.82	496.29
493.07	328.71	286.82	283.59	515.62
505.96	351.27	280.37	273.93	525.29
512.40	380.27	273.93	273.93	538.18
528.52	406.05	270.70	270.70	544.63
541.41	431.84	270.70	273.93	557.52
551.07	444.73	273.93	273.93	563.96
480.18	467.29	270.70	270.70	551.07
338.38	389.94	273.93	280.37	547.85
277.15	293.26	270.70	270.70	483.40
283.59	277.15	270.70	273.93	331.93
277.15	283.59	280.37	277.15	280.37
290.04	270.70	273.93	280.37	280.37
277.15	277.15	280.37	280.37	283.59
280.37	280.37	277.15	280.37	277.15
280.37	280.37	273.93	280.37	280.37
283.59	312.60	273.93	280.37	277.15
286.82	283.59	280.37	283.59	280.37
286.82	277.15	280.37	270.70	283.59
273.93	290.04	277.15	277.15	283.59
293.26	299.71	280.37	277.15	283.59
286.82	273.93	277.15	277.15	273.93
273.93	283.59	273.93	277.15	277.15
277.15	280.37	273.93	273.93	277.15
273.93	280.37	277.15	273.93	280.37
273.93	280.37	370.61	277.15	280.37
283.59	273.93	460.84	354.49	277.15
280.37	286.82	483.40	464.06	280.37
270.70	277.15	509.18	496.29	280.37
296.48	283.59	499.51	499.51	290.04
296.48	277.15	502.73	518.85	312.60
309.37	280.37	505.96	534.96	328.71
322.27	277.15	493.07	525.29	348.05
331.93	277.15	486.62	518.85	354.49
315.82	273.93	470.51	515.62	360.94
328.71	273.93	473.73	499.51	373.83
360.94	267.48	447.95	483.40	383.50
373.83	286.82	428.61	454.39	399.61
377.05	277.15	406.05	425.39	422.17
396.39	270.70	373.83	377.05	435.06
380.27	283.59	348.05	331.93	464.06
389.94	283.59	312.60	286.82	489.84
393.16	309.37	290.04	273.93	509.18
402.83	338.38	283.59	277.15	515.62
431.84	306.15	270.70	270.70	528.52
431.84	322.27	273.93	273.93	551.07
422.17	335.16	277.15	270.70	554.30
393.16	348.05	273.93	270.70	551.07
360.94	309.37	273.93	273.93	541.41
280.37	312.60	277.15	273.93	447.95
286.82	280.37	283.59	270.70	283.59
273.93	280.37	273.93	273.93	280.37
280.37	277.15	280.37	280.37	283.59
290.04	277.15	277.15	280.37	277.15
273.93	286.82	277.15	277.15	280.37
290.04	273.93	277.15	277.15	277.15
290.04	273.93	277.15	277.15	280.37
277.15	277.15	277.15	277.15	283.59
283.59	270.70	283.59	280.37	280.37
290.04	277.15	273.93	277.15	283.59
267.48	283.59	280.37	280.37	273.93
273.93	277.15	280.37	277.15	293.26
286.82	290.04	280.37	267.48	277.15
267.48	280.37	280.37	273.93	270.70
273.93	280.37	277.15	277.15	277.15
277.15	273.93	367.38	280.37	280.37
277.15	261.04	454.39	454.39	280.37
273.93	273.93	473.73	464.06	273.93
280.37	273.93	454.39	470.51	309.37
322.27	309.37	444.73	457.62	364.16
370.61	306.15	431.84	447.95	406.05
399.61	315.82	415.72	447.95	422.17
402.83	312.60	396.39	402.83	438.28
406.05	315.82	377.05	377.05	447.95
406.05	302.93	351.27	348.05	460.84
402.83	302.93	335.16	335.16	470.51
396.39	315.82	322.27	322.27	483.40
406.05	315.82	312.60	302.93	489.84
412.50	312.60	309.37	290.04	499.51
435.06	306.15	296.48	273.93	518.85
444.73	325.49	286.82	270.70	522.07
435.06	331.93	280.37	273.93	534.96
441.50	331.93	273.93	273.93	541.41
435.06	315.82	273.93	273.93	557.52
418.95	319.04	270.70	267.48	580.08
360.94	315.82	277.15	273.93	557.52
290.04	312.60	280.37	277.15	522.07
277.15	302.93	277.15	277.15	402.83
267.48	273.93	280.37	277.15	290.04
286.82	257.81	277.15	277.15	280.37
280.37	283.59	277.15	277.15	283.59
277.15	293.26	277.15	277.15	286.82
273.93	293.26	273.93	280.37	277.15
273.93	290.04	280.37	280.37	277.15
270.70	293.26	296.48	277.15	280.37
283.59	286.82	277.15	273.93	277.15
280.37	293.26	283.59	277.15	283.59
270.70	293.26	280.37	273.93	280.37
286.82	283.59	270.70	277.15	283.59
277.15	290.04	277.15	273.93	277.15
277.15	293.26	277.15	277.15	283.59
290.04	273.93	277.15	286.82	280.37
273.93	280.37	331.93	273.93	277.15
283.59	277.15	438.28	331.93	286.82
267.48	286.82	435.06	389.94	280.37
273.93	280.37	441.50	409.28	277.15
273.93	270.70	457.62	431.84	283.59
273.93	280.37	460.84	444.73	296.48
302.93	283.59	476.95	457.62	315.82
319.04	273.93	476.95	460.84	328.71
357.71	273.93	476.95	464.06	341.60
364.16	280.37	480.18	460.84	351.27
367.38	290.04	464.06	454.39	373.83
380.27	277.15	438.28	422.17	383.50
386.72	273.93	415.72	386.72	412.50
415.72	273.93	386.72	335.16	438.28
457.62	277.15	357.71	306.15	441.50
480.18	273.93	328.71	286.82	454.39
505.96	280.37	315.82	280.37	467.29
525.29	286.82	280.37	270.70	476.95
538.18	302.93	277.15	270.70	489.84
544.63	309.37	273.93	277.15	509.18
551.07	322.27	277.15	273.93	515.62
554.30	331.93	273.93	277.15	531.74
551.07	322.27	273.93	270.70	541.41
534.96	319.04	283.59	267.48	544.63
502.73	312.60	280.37	270.70	525.29
370.61	319.04	277.15	277.15	441.50
273.93	357.71	280.37	273.93	290.04
277.15	296.48	277.15	270.70	286.82
286.82	267.48	273.93	273.93	277.15
277.15	277.15	280.37	280.37	293.26
273.93	280.37	277.15	277.15	277.15
270.70	277.15	277.15	277.15	283.59
273.93	280.37	277.15	280.37	277.15
280.37	270.70	283.59	277.15	280.37
273.93	280.37	277.15	273.93	280.37
277.15	277.15	273.93	273.93	283.59
283.59	280.37	280.37	280.37	280.37
267.48	277.15	283.59	273.93	280.37
267.48	280.37	280.37	277.15	277.15
264.26	277.15	280.37	273.93	283.59
270.70	290.04	283.59	280.37	283.59
277.15	290.04	373.83	348.05	280.37
283.59	283.59	431.84	467.29	283.59
283.59	270.70	441.50	496.29	273.93
319.04	273.93	460.84	522.07	286.82
335.16	277.15	467.29	518.85	331.93
296.48	286.82	460.84	522.07	383.50
293.26	277.15	454.39	515.62	396.39
290.04	286.82	441.50	505.96	406.05
315.82	273.93	428.61	480.18	435.06
348.05	296.48	393.16	438.28	460.84
364.16	309.37	354.49	389.94	476.95
412.50	322.27	331.93	338.38	496.29
422.17	364.16	309.37	290.04	518.85
444.73	386.72	280.37	273.93	522.07
496.29	428.61	273.93	267.48	538.18
505.96	467.29	270.70	270.70	538.18
531.74	509.18	270.70	283.59	541.41
544.63	538.18	273.93	267.48	551.07
547.85	547.85	270.70	270.70	557.52
551.07	554.30	273.93	270.70	567.19
567.19	563.96	267.48	270.70	573.63
528.52	570.41	273.93	270.70	560.74
441.50	563.96	267.48	273.93	531.74
290.04	512.40	277.15	273.93	380.27
293.26	296.48	280.37	280.37	290.04
280.37	286.82	273.93	273.93	293.26
283.59	286.82	280.37	283.59	283.59
283.59	277.15	273.93	273.93	283.59
277.15	277.15	277.15	277.15	280.37
290.04	280.37	273.93	277.15	280.37
283.59	277.15	280.37	273.93	286.82
283.59	270.70	277.15	273.93	286.82
277.15	277.15	277.15	280.37	277.15
280.37	277.15	277.15	277.15	277.15
273.93	273.93	280.37	273.93	280.37
270.70	277.15	277.15	277.15	277.15
283.59	277.15	277.15	273.93	273.93
277.15	280.37	277.15	280.37	283.59
270.70	273.93	290.04	283.59	283.59
283.59	273.93	418.95	422.17	280.37
267.48	293.26	428.61	460.84	273.93
277.15	280.37	438.28	493.07	293.26
280.37	293.26	457.62	499.51	306.15
306.15	299.71	438.28	502.73	357.71
335.16	286.82	435.06	486.62	399.61
367.38	273.93	418.95	476.95	415.72
380.27	286.82	396.39	444.73	441.50
406.05	322.27	367.38	402.83	464.06
451.17	364.16	341.60	354.49	476.95
502.73	396.39	309.37	309.37	496.29
483.40	422.17	286.82	270.70	512.40
502.73	457.62	280.37	277.15	528.52
509.18	493.07	270.70	273.93	541.41
528.52	515.62	267.48	277.15	554.30
528.52	528.52	280.37	277.15	563.96
541.41	547.85	270.70	267.48	567.19
531.74	560.74	267.48	270.70	576.86
525.29	563.96	270.70	277.15	580.08
480.18	560.74	270.70	270.70	580.08
354.49	518.85	270.70	270.70	554.30
277.15	444.73	280.37	277.15	402.83
290.04	273.93	273.93	277.15	286.82
290.04	286.82	277.15	277.15	277.15
277.15	293.26	277.15	277.15	283.59
286.82	283.59	277.15	273.93	277.15
277.15	283.59	273.93	283.59	280.37
277.15	277.15	270.70	280.37	283.59
273.93	315.82	280.37	277.15	280.37
283.59	290.04	277.15	277.15	280.37
277.15	293.26	273.93	277.15	280.37
283.59	286.82	273.93	277.15	273.93
283.59	299.71	273.93	280.37	280.37
273.93	293.26	277.15	280.37	273.93
286.82	283.59	273.93	280.37	280.37
283.59	286.82	277.15	277.15	283.59
286.82	277.15	328.71	277.15	280.37
273.93	273.93	435.06	425.39	280.37
270.70	299.71	428.61	441.50	277.15
280.37	280.37	425.39	444.73	331.93
309.37	302.93	435.06	447.95	377.05
360.94	328.71	441.50	447.95	418.95
399.61	315.82	422.17	444.73	409.28
438.28	338.38	402.83	418.95	422.17
444.73	341.60	389.94	399.61	425.39
451.17	344.82	373.83	377.05	444.73
460.84	360.94	357.71	341.60	454.39
480.18	373.83	338.38	319.04	460.84
493.07	380.27	312.60	293.26	480.18
505.96	380.27	293.26	273.93	496.29
499.51	409.28	277.15	273.93	518.85
518.85	389.94	293.26	267.48	538.18
505.96	409.28	273.93	270.70	547.85
525.29	428.61	273.93	267.48	560.74
515.62	447.95	270.70	264.26	573.63
496.29	464.06	273.93	270.70	567.19
483.40	460.84	273.93	273.93	567.19
357.71	386.72	267.48	270.70	560.74
280.37	331.93	273.93	273.93	502.73
280.37	293.26	277.15	277.15	315.82
277.15	280.37	277.15	273.93	283.59
290.04	296.48	273.93	277.15	277.15
277.15	283.59	280.37	277.15	286.82
283.59	273.93	283.59	277.15	280.37
273.93	280.37	280.37	273.93	280.37
290.04	277.15	277.15	280.37	280.37
273.93	280.37	280.37	273.93	277.15
270.70	280.37	277.15	277.15	280.37
273.93	280.37	283.59	277.15	290.04
277.15	273.93	277.15	277.15	283.59
273.93	280.37	277.15	277.15	277.15
270.70	293.26	280.37	273.93	277.15
286.82	277.15	280.37	270.70	277.15
286.82	283.59	338.38	277.15	277.15
273.93	277.15	447.95	399.61	277.15
267.48	280.37	460.84	464.06	277.15
273.93	286.82	470.51	496.29	293.26
290.04	270.70	473.73	499.51	344.82
293.26	296.48	470.51	493.07	383.50
331.93	299.71	460.84	486.62	402.83
351.27	286.82	431.84	464.06	422.17
341.60	273.93	418.95	435.06	444.73
367.38	270.70	393.16	402.83	441.50
396.39	273.93	373.83	354.49	451.17
409.28	270.70	344.82	322.27	470.51
464.06	280.37	315.82	286.82	486.62
493.07	319.04	296.48	273.93	505.96
525.29	373.83	280.37	273.93	515.62
560.74	360.94	270.70	270.70	525.29
554.30	386.72	273.93	273.93	541.41
557.52	406.05	270.70	277.15	551.07
573.63	412.50	280.37	270.70	557.52
551.07	422.17	267.48	267.48	560.74
541.41	425.39	270.70	277.15	570.41
489.84	435.06	273.93	273.93	531.74
360.94	441.50	267.48	273.93	431.84
277.15	380.27	277.15	273.93	290.04
283.59	290.04	280.37	286.82	280.37
277.15	280.37	277.15	273.93	280.37
277.15	277.15	277.15	280.37	283.59
273.93	277.15	273.93	277.15	277.15
273.93	277.15	277.15	277.15	280.37
267.48	273.93	280.37	273.93	277.15
290.04	277.15	277.15	277.15	280.37
273.93	277.15	280.37	277.15	280.37
273.93	273.93	273.93	273.93	283.59
270.70	286.82	264.26	277.15	283.59
283.59	280.37	267.48	277.15	283.59
270.70	283.59	283.59	277.15	283.59
286.82	277.15	290.04	277.15	277.15
283.59	273.93	418.95	415.72	280.37
290.04	277.15	435.06	457.62	277.15
270.70	277.15	425.39	454.39	296.48
296.48	273.93	451.17	470.51	344.82
325.49	273.93	441.50	460.84	389.94
331.93	299.71	425.39	451.17	425.39
348.05	277.15	399.61	415.72	438.28
383.50	273.93	396.39	370.61	454.39
393.16	273.93	338.38	322.27	483.40
402.83	290.04	312.60	290.04	493.07
425.39	273.93	302.93	273.93	505.96
422.17	277.15	283.59	270.70	518.85
428.61	315.82	280.37	273.93	538.18
431.84	312.60	283.59	273.93	544.63
435.06	283.59	273.93	277.15	554.30
435.06	286.82	273.93	273.93	563.96
444.73	280.37	277.15	273.93	573.63
431.84	293.26	277.15	273.93	576.86
451.17	299.71	273.93	273.93	580.08
457.62	299.71	277.15	267.48	589.75
422.17	309.37	273.93	277.15	576.86
357.71	312.60	273.93	273.93	534.96
290.04	322.27	277.15	273.93	380.27
270.70	299.71	277.15	273.93	296.48
277.15	273.93	270.70	270.70	280.37
273.93	283.59	277.15	290.04	280.37
290.04	283.59	277.15	273.93	283.59
273.93	290.04	277.15	277.15	283.59
277.15	299.71	277.15	273.93	277.15
267.48	290.04	277.15	277.15	280.37
280.37	299.71	277.15	280.37	280.37
286.82	286.82	277.15	277.15	280.37
273.93	286.82	273.93	277.15	277.15
286.82	283.59	273.93	277.15	283.59
286.82	283.59	280.37	277.15	280.37
273.93	277.15	264.26	277.15	283.59
290.04	277.15	277.15	277.15	267.48
267.48	277.15	293.26	280.37	277.15
277.15	273.93	425.39	389.94	277.15
280.37	277.15	441.50	493.07	280.37
270.70	277.15	473.73	522.07	277.15
273.93	286.82	496.29	541.41	280.37
267.48	280.37	505.96	547.85	309.37
290.04	267.48	505.96	563.96	331.93
273.93	273.93	493.07	554.30	348.05
286.82	267.48	476.95	541.41	367.38
277.15	273.93	454.39	525.29	383.50
270.70	273.93	415.72	505.96	402.83
270.70	273.93	393.16	476.95	418.95
290.04	273.93	370.61	444.73	438.28
293.26	280.37	360.94	402.83	454.39
299.71	293.26	331.93	357.71	476.95
319.04	277.15	306.15	306.15	493.07
344.82	261.04	286.82	270.70	509.18
377.05	273.93	280.37	270.70	522.07
377.05	312.60	270.70	280.37	541.41
422.17	306.15	273.93	273.93	551.07
425.39	315.82	273.93	273.93	567.19
428.61	302.93	270.70	270.70	570.41
412.50	302.93	270.70	273.93	560.74
354.49	286.82	280.37	273.93	502.73
296.48	322.27	277.15	273.93	312.60
280.37	290.04	277.15	277.15	283.59
270.70	286.82	273.93	277.15	293.26
273.93	277.15	277.15	273.93	273.93
277.15	296.48	273.93	270.70	277.15
270.70	286.82	283.59	273.93	286.82
277.15	293.26	277.15	277.15	277.15
273.93	280.37	273.93	277.15	273.93
273.93	283.59	283.59	280.37	277.15
270.70	280.37	280.37	280.37	280.37
273.93	283.59	277.15	277.15	273.93
270.70	280.37	277.15	273.93	277.15
277.15	273.93	280.37	273.93	270.70
277.15	277.15	277.15	277.15	270.70
286.82	290.04	335.16	283.59	280.37
280.37	238.48	438.28	476.95	280.37
283.59	270.70	431.84	473.73	277.15
286.82	261.04	451.17	499.51	286.82
290.04	270.70	457.62	518.85	312.60
286.82	277.15	464.06	522.07	354.49
277.15	273.93	454.39	522.07	380.27
290.04	273.93	435.06	502.73	402.83
306.15	280.37	418.95	476.95	425.39
309.37	277.15	406.05	464.06	435.06
315.82	273.93	406.05	470.51	431.84
315.82	273.93	396.39	447.95	435.06
338.38	280.37	393.16	428.61	435.06
354.49	261.04	380.27	402.83	422.17
402.83	270.70	344.82	341.60	415.72
502.73	270.70	319.04	312.60	386.72
531.74	277.15	286.82	273.93	367.38
544.63	283.59	277.15	277.15	360.94
567.19	283.59	286.82	286.82	348.05
560.74	286.82	283.59	306.15	325.49
541.41	280.37	325.49	435.06	290.04
525.29	277.15	319.04	464.06	283.59
451.17	280.37	315.82	486.62	283.59
319.04	283.59	325.49	499.51	283.59
277.15	277.15	312.60	486.62	280.37
277.15	273.93	315.82	451.17	293.26
280.37	270.70	312.60	418.95	348.05
364.16	273.93	306.15	399.61	354.49
373.83	283.59	293.26	386.72	357.71
315.82	315.82	286.82	357.71	360.94
283.59	312.60	286.82	370.61	344.82
290.04	302.93	306.15	425.39	335.16
296.48	293.26	328.71	464.06	299.71
286.82	273.93	328.71	502.73	293.26
283.59	273.93	331.93	499.51	299.71
270.70	277.15	328.71	505.96	286.82
283.59	286.82	331.93	499.51	283.59
277.15	277.15	344.82	496.29	293.26
277.15	270.70	357.71	486.62	286.82
273.93	277.15	348.05	486.62	290.04
280.37	286.82	351.27	493.07	283.59
286.82	273.93	351.27	483.40	286.82
290.04	273.93	351.27	483.40	283.59
277.15	273.93	344.82	441.50	283.59
273.93	280.37	344.82	425.39	286.82
277.15	280.37	328.71	422.17	306.15
293.26	277.15	331.93	431.84	306.15
280.37	277.15	325.49	435.06	290.04
283.59	277.15	312.60	431.84	290.04
286.82	283.59	299.71	399.61	283.59
286.82	270.70	277.15	325.49	286.82
280.37	280.37	283.59	283.59	280.37
286.82	280.37	286.82	270.70	280.37
270.70	280.37	277.15	277.15	277.15
283.59	280.37	280.37	280.37	283.59
283.59	277.15	280.37	280.37	280.37
290.04	267.48	293.26	277.15	283.59
280.37	270.70	283.59	280.37	286.82
277.15	273.93	283.59	277.15	277.15
273.93	277.15	277.15	277.15	296.48
273.93	277.15	277.15	283.59	277.15
286.82	277.15	283.59	290.04	283.59
270.70	277.15	280.37	273.93	280.37
277.15	277.15	293.26	322.27	270.70
280.37	277.15	348.05	438.28	277.15
286.82	277.15	354.49	457.62	277.15
273.93	283.59	357.71	480.18	306.15
286.82	273.93	364.16	505.96	344.82
290.04	286.82	341.60	496.29	399.61
322.27	315.82	322.27	489.84	441.50
351.27	344.82	306.15	470.51	483.40
360.94	383.50	286.82	447.95	522.07
373.83	418.95	277.15	428.61	544.63
383.50	454.39	270.70	373.83	554.30
399.61	480.18	277.15	322.27	560.74
396.39	493.07	273.93	290.04	583.30
383.50	502.73	267.48	270.70	592.97
386.72	505.96	270.70	270.70	602.64
396.39	518.85	270.70	270.70	615.53
373.83	525.29	270.70	270.70	621.97
399.61	563.96	273.93	270.70	631.64
399.61	570.41	270.70	273.93	634.86
389.94	592.97	270.70	273.93	631.64
383.50	602.64	267.48	270.70	634.86
377.05	605.86	293.26	273.93	621.97
348.05	599.41	273.93	270.70	580.08
286.82	567.19	273.93	273.93	431.84
277.15	447.95	270.70	280.37	293.26
273.93	296.48	273.93	273.93	290.04
286.82	280.37	277.15	280.37	286.82
283.59	280.37	277.15	283.59	283.59
270.70	277.15	267.48	280.37	280.37
267.48	283.59	277.15	280.37	280.37
286.82	286.82	277.15	280.37	277.15
273.93	280.37	277.15	273.93	283.59
273.93	280.37	270.70	273.93	286.82
286.82	261.04	280.37	273.93	286.82
286.82	273.93	273.93	277.15	280.37
273.93	280.37	277.15	280.37	277.15
273.93	277.15	277.15	273.93	277.15
286.82	273.93	283.59	277.15	280.37
267.48	283.59	396.39	428.61	270.70
277.15	270.70	464.06	531.74	277.15
273.93	277.15	467.29	525.29	286.82
283.59	277.15	483.40	538.18	315.82
290.04	293.26	489.84	544.63	319.04
315.82	306.15	496.29	560.74	335.16
319.04	325.49	499.51	557.52	338.38
348.05	328.71	493.07	554.30	354.49
325.49	331.93	486.62	557.52	380.27
325.49	325.49	476.95	544.63	402.83
325.49	322.27	447.95	538.18	422.17
328.71	319.04	431.84	531.74	435.06
328.71	312.60	402.83	512.40	470.51
341.60	309.37	383.50	483.40	480.18
364.16	322.27	373.83	441.50	496.29
380.27	335.16	331.93	380.27	512.40
389.94	331.93	299.71	296.48	531.74
402.83	351.27	280.37	270.70	544.63
406.05	383.50	277.15	267.48	563.96
406.05	409.28	273.93	273.93	586.52
389.94	428.61	273.93	270.70	605.86
357.71	425.39	270.70	270.70	580.08
325.49	406.05	270.70	273.93	547.85
290.04	377.05	273.93	270.70	367.38
277.15	299.71	277.15	273.93	286.82
277.15	293.26	280.37	277.15	277.15
286.82	283.59	277.15	277.15	283.59
270.70	277.15	277.15	280.37	280.37
286.82	290.04	277.15	277.15	277.15
273.93	296.48	277.15	283.59	283.59
286.82	293.26	283.59	273.93	280.37
273.93	293.26	277.15	277.15	280.37
283.59	290.04	286.82	277.15	280.37
286.82	283.59	280.37	280.37	280.37
270.70	293.26	273.93	283.59	273.93
270.70	286.82	286.82	277.15	280.37
273.93	302.93	296.48	277.15	280.37
273.93	280.37	447.95	493.07	273.93
270.70	283.59	457.62	528.52	293.26
270.70	277.15	480.18	538.18	286.82
283.59	273.93	486.62	541.41	325.49
273.93	296.48	496.29	554.30	351.27
277.15	290.04	496.29	554.30	386.72
283.59	286.82	486.62	551.07	396.39
290.04	293.26	476.95	544.63	418.95
335.16	290.04	457.62	525.29	428.61
325.49	312.60	435.06	499.51	441.50
335.16	302.93	409.28	470.51	464.06
348.05	293.26	364.16	415.72	489.84
341.60	293.26	331.93	357.71	512.40
338.38	296.48	309.37	302.93	528.52
348.05	296.48	286.82	273.93	538.18
341.60	299.71	270.70	273.93	547.85
325.49	315.82	270.70	270.70	557.52
290.04	364.16	273.93	273.93	554.30
273.93	373.83	273.93	273.93	551.07
290.04	328.71	273.93	277.15	473.73
286.82	270.70	273.93	280.37	302.93
273.93	299.71	280.37	293.26	280.37
286.82	164.36	280.37	273.93	280.37
273.93	383.50	280.37	280.37	280.37
290.04	373.83	277.15	270.70	280.37
270.70	319.04	299.71	273.93	280.37
286.82	286.82	322.27	277.15	283.59
283.59	277.15	341.60	306.15	286.82
290.04	283.59	344.82	302.93	315.82
364.16	299.71	357.71	306.15	309.37
383.50	315.82	354.49	293.26	319.04
412.50	319.04	357.71	277.15	315.82
447.95	315.82	348.05	277.15	315.82
454.39	315.82	338.38	277.15	293.26
464.06	299.71	325.49	277.15	296.48
460.84	277.15	319.04	273.93	306.15
422.17	277.15	322.27	270.70	315.82
354.49	277.15	367.38	277.15	315.82
296.48	280.37	415.72	270.70	331.93
273.93	280.37	438.28	273.93	341.60
273.93	277.15	438.28	273.93	315.82
280.37	277.15	402.83	273.93	299.71
290.04	280.37	341.60	280.37	322.27
319.04	277.15	296.48	277.15	348.05
319.04	270.70	293.26	306.15	364.16
312.60	277.15	335.16	399.61	357.71
277.15	277.15	399.61	483.40	312.60
280.37	280.37	422.17	528.52	286.82
273.93	277.15	435.06	538.18	280.37
283.59	277.15	441.50	541.41	280.37
270.70	273.93	435.06	525.29	296.48
290.04	273.93	428.61	528.52	312.60
277.15	277.15	425.39	525.29	315.82
273.93	280.37	435.06	525.29	319.04
280.37	267.48	441.50	525.29	335.16
277.15	270.70	444.73	528.52	312.60
277.15	280.37	431.84	515.62	319.04
290.04	273.93	422.17	502.73	306.15
290.04	273.93	370.61	431.84	302.93
290.04	283.59	306.15	322.27	283.59
273.93	277.15	280.37	257.81	280.37
277.15	277.15	286.82	280.37	283.59
286.82	283.59	283.59	270.70	280.37
273.93	280.37	280.37	277.15	280.37
273.93	273.93	283.59	273.93	280.37
267.48	277.15	280.37	277.15	277.15
283.59	283.59	280.37	270.70	283.59
273.93	277.15	283.59	273.93	280.37
273.93	273.93	283.59	277.15	283.59
273.93	277.15	383.50	418.95	277.15
277.15	277.15	428.61	515.62	277.15
280.37	273.93	444.73	515.62	306.15
293.26	277.15	444.73	525.29	354.49
322.27	277.15	428.61	496.29	393.16
364.16	299.71	406.05	451.17	425.39
386.72	335.16	370.61	406.05	444.73
402.83	360.94	341.60	354.49	480.18
418.95	386.72	309.37	306.15	496.29
438.28	399.61	280.37	270.70	512.40
435.06	415.72	273.93	267.48	528.52
438.28	435.06	277.15	270.70	560.74
438.28	444.73	277.15	273.93	557.52
441.50	457.62	277.15	273.93	573.63
447.95	476.95	273.93	267.48	586.52
457.62	483.40	273.93	273.93	605.86
444.73	493.07	270.70	273.93	609.08
418.95	505.96	267.48	270.70	605.86
399.61	499.51	273.93	270.70	567.19
315.82	454.39	277.15	267.48	502.73
280.37	348.05	277.15	277.15	302.93
277.15	277.15	277.15	280.37	273.93
273.93	277.15	273.93	277.15	286.82
277.15	277.15	277.15	277.15	280.37
273.93	280.37	280.37	277.15	286.82
283.59	277.15	277.15	277.15	283.59
280.37	283.59	277.15	277.15	280.37
283.59	280.37	270.70	273.93	280.37
280.37	280.37	280.37	273.93	280.37
277.15	283.59	280.37	277.15	283.59
277.15	283.59	273.93	277.15	280.37
286.82	277.15	273.93	277.15	277.15
267.48	277.15	280.37	277.15	277.15
270.70	277.15	299.71	277.15	283.59
267.48	273.93	435.06	515.62	264.26
277.15	277.15	418.95	473.73	302.93
296.48	273.93	399.61	457.62	399.61
351.27	312.60	386.72	441.50	438.28
367.38	344.82	364.16	415.72	480.18
380.27	370.61	341.60	399.61	496.29
393.16	422.17	319.04	335.16	512.40
406.05	454.39	299.71	296.48	525.29
428.61	476.95	283.59	273.93	528.52
444.73	502.73	296.48	270.70	544.63
451.17	534.96	277.15	273.93	554.30
483.40	560.74	273.93	286.82	554.30
464.06	573.63	270.70	273.93	573.63
480.18	583.30	270.70	270.70	589.75
457.62	592.97	273.93	267.48	605.86
425.39	599.41	273.93	270.70	612.30
351.27	580.08	273.93	270.70	612.30
280.37	502.73	273.93	270.70	567.19
290.04	377.05	277.15	277.15	344.82
280.37	273.93	280.37	277.15	286.82
270.70	277.15	273.93	277.15	280.37
290.04	273.93	273.93	277.15	283.59
273.93	277.15	273.93	267.48	277.15
270.70	277.15	280.37	273.93	280.37
290.04	283.59	280.37	277.15	280.37
277.15	283.59	280.37	273.93	273.93
277.15	286.82	277.15	277.15	283.59
273.93	277.15	270.70	273.93	277.15
273.93	277.15	273.93	277.15	283.59
273.93	277.15	302.93	277.15	280.37
277.15	273.93	331.93	277.15	280.37
270.70	280.37	383.50	357.71	280.37
277.15	273.93	409.28	428.61	290.04
290.04	286.82	386.72	393.16	396.39
338.38	319.04	367.38	357.71	454.39
383.50	377.05	331.93	322.27	499.51
409.28	457.62	306.15	283.59	525.29
457.62	528.52	283.59	273.93	534.96
493.07	557.52	273.93	270.70	541.41
509.18	573.63	293.26	267.48	551.07
515.62	583.30	267.48	273.93	567.19
509.18	602.64	267.48	270.70	570.41
528.52	609.08	267.48	267.48	573.63
531.74	618.75	267.48	270.70	576.86
534.96	625.20	270.70	267.48	576.86
544.63	631.64	270.70	270.70	583.30
544.63	638.09	270.70	273.93	586.52
538.18	641.31	270.70	267.48	586.52
518.85	638.09	270.70	270.70	586.52
505.96	641.31	273.93	267.48	567.19
415.72	654.20	273.93	273.93	480.18
293.26	650.98	277.15	273.93	306.15
273.93	460.84	277.15	277.15	290.04
286.82	283.59	270.70	277.15	280.37
280.37	280.37	273.93	273.93	280.37
273.93	277.15	273.93	273.93	283.59
273.93	270.70	277.15	280.37	283.59
273.93	280.37	280.37	277.15	280.37
283.59	280.37	277.15	280.37	283.59
286.82	273.93	283.59	273.93	277.15
290.04	277.15	273.93	273.93	280.37
283.59	277.15	277.15	283.59	280.37
290.04	277.15	273.93	273.93	277.15
302.93	273.93	277.15	283.59	283.59
283.59	277.15	273.93	283.59	286.82
277.15	283.59	306.15	273.93	273.93
270.70	277.15	441.50	418.95	277.15
283.59	273.93	447.95	480.18	280.37
286.82	277.15	457.62	505.96	270.70
280.37	273.93	460.84	518.85	306.15
293.26	270.70	464.06	522.07	364.16
312.60	273.93	454.39	515.62	396.39
331.93	277.15	428.61	486.62	431.84
354.49	280.37	402.83	460.84	441.50
383.50	290.04	383.50	428.61	457.62
409.28	302.93	341.60	370.61	473.73
418.95	322.27	312.60	328.71	496.29
418.95	354.49	293.26	270.70	518.85
435.06	373.83	293.26	270.70	538.18
451.17	389.94	273.93	270.70	554.30
454.39	412.50	273.93	270.70	570.41
447.95	444.73	273.93	270.70	586.52
444.73	476.95	270.70	270.70	592.97
444.73	509.18	267.48	267.48	602.64
441.50	518.85	273.93	273.93	612.30
396.39	528.52	267.48	273.93	605.86
348.05	525.29	290.04	270.70	576.86
277.15	525.29	277.15	273.93	431.84
277.15	367.38	264.26	273.93	302.93
277.15	280.37	273.93	277.15	296.48
280.37	277.15	273.93	277.15	280.37
273.93	277.15	277.15	273.93	280.37
277.15	277.15	277.15	270.70	283.59
273.93	280.37	280.37	273.93	277.15
273.93	277.15	280.37	270.70	283.59
273.93	280.37	280.37	280.37	280.37
273.93	277.15	273.93	273.93	280.37
277.15	293.26	280.37	280.37	277.15
286.82	273.93	273.93	280.37	270.70
277.15	277.15	280.37	280.37	273.93
277.15	277.15	280.37	257.81	277.15
280.37	273.93	302.93	273.93	286.82
270.70	280.37	441.50	441.50	277.15
290.04	277.15	464.06	483.40	273.93
302.93	277.15	447.95	483.40	325.49
341.60	283.59	460.84	489.84	364.16
367.38	277.15	454.39	483.40	399.61
393.16	273.93	441.50	480.18	428.61
399.61	277.15	418.95	451.17	441.50
418.95	273.93	389.94	412.50	451.17
425.39	277.15	348.05	351.27	480.18
435.06	280.37	312.60	306.15	496.29
447.95	280.37	286.82	277.15	518.85
454.39	293.26	283.59	273.93	522.07
480.18	299.71	273.93	273.93	544.63
489.84	328.71	273.93	270.70	554.30
505.96	348.05	270.70	270.70	570.41
512.40	364.16	273.93	273.93	576.86
505.96	380.27	270.70	273.93	589.75
518.85	399.61	277.15	270.70	596.19
480.18	386.72	270.70	270.70	592.97
415.72	393.16	270.70	270.70	567.19
296.48	418.95	280.37	277.15	422.17
280.37	354.49	277.15	277.15	286.82
267.48	280.37	286.82	273.93	290.04
273.93	280.37	277.15	273.93	283.59
290.04	277.15	277.15	277.15	277.15
290.04	280.37	277.15	277.15	280.37
277.15	283.59	280.37	277.15	283.59
270.70	277.15	273.93	277.15	280.37
273.93	280.37	277.15	280.37	280.37
273.93	277.15	277.15	277.15	277.15
283.59	277.15	273.93	277.15	280.37
290.04	280.37	277.15	280.37	290.04
273.93	280.37	277.15	280.37	283.59
277.15	280.37	277.15	280.37	277.15
273.93	277.15	351.27	277.15	283.59
273.93	283.59	435.06	393.16	280.37
264.26	273.93	441.50	457.62	273.93
273.93	280.37	438.28	460.84	319.04
283.59	273.93	438.28	460.84	370.61
354.49	270.70	431.84	451.17	402.83
370.61	273.93	415.72	425.39	431.84
402.83	280.37	383.50	383.50	457.62
447.95	280.37	360.94	322.27	473.73
496.29	283.59	309.37	286.82	493.07
505.96	290.04	283.59	273.93	515.62
509.18	315.82	277.15	273.93	531.74
525.29	309.37	280.37	280.37	534.96
551.07	319.04	273.93	277.15	544.63
563.96	344.82	273.93	273.93	547.85
563.96	357.71	270.70	267.48	557.52
570.41	357.71	273.93	273.93	560.74
557.52	367.38	273.93	270.70	567.19
541.41	370.61	270.70	270.70	570.41
531.74	364.16	270.70	270.70	573.63
486.62	344.82	273.93	277.15	570.41
438.28	325.49	254.59	277.15	544.63
322.27	354.49	277.15	277.15	409.28
293.26	377.05	277.15	273.93	290.04
267.48	273.93	280.37	290.04	280.37
286.82	280.37	277.15	280.37	280.37
280.37	277.15	273.93	277.15	280.37
277.15	280.37	273.93	277.15	286.82
277.15	280.37	280.37	273.93	280.37
290.04	280.37	277.15	280.37	280.37
286.82	280.37	280.37	290.04	280.37
286.82	273.93	277.15	283.59	283.59
273.93	283.59	280.37	290.04	277.15
273.93	277.15	277.15	273.93	283.59
277.15	280.37	277.15	277.15	277.15
290.04	277.15	283.59	283.59	277.15
286.82	277.15	286.82	280.37	273.93
286.82	280.37	438.28	418.95	273.93
267.48	280.37	447.95	483.40	273.93
277.15	267.48	473.73	515.62	273.93
302.93	273.93	486.62	531.74	290.04
328.71	270.70	489.84	531.74	335.16
335.16	280.37	480.18	528.52	360.94
344.82	277.15	447.95	502.73	393.16
354.49	273.93	402.83	444.73	418.95
373.83	277.15	373.83	393.16	438.28
399.61	277.15	325.49	328.71	460.84
425.39	277.15	302.93	280.37	483.40
447.95	280.37	280.37	270.70	509.18
454.39	273.93	267.48	270.70	531.74
464.06	280.37	273.93	273.93	544.63
489.84	277.15	273.93	273.93	563.96
499.51	286.82	270.70	273.93	560.74
502.73	280.37	273.93	270.70	576.86
512.40	290.04	273.93	273.93	576.86
512.40	293.26	273.93	273.93	580.08
512.40	296.48	277.15	273.93	576.86
399.61	306.15	277.15	277.15	538.18
286.82	364.16	280.37	277.15	328.71
280.37	283.59	277.15	280.37	280.37
273.93	280.37	273.93	277.15	280.37
277.15	280.37	280.37	290.04	280.37
277.15	280.37	277.15	273.93	273.93
290.04	280.37	283.59	273.93	277.15
277.15	283.59	277.15	280.37	277.15
277.15	283.59	273.93	273.93	277.15
286.82	277.15	280.37	277.15	280.37
273.93	280.37	273.93	277.15	283.59
277.15	280.37	280.37	280.37	277.15
273.93	277.15	280.37	273.93	280.37
261.04	277.15	277.15	277.15	280.37
270.70	277.15	283.59	277.15	280.37
270.70	273.93	425.39	409.28	273.93
277.15	273.93	473.73	512.40	283.59
283.59	277.15	483.40	528.52	280.37
280.37	273.93	483.40	522.07	312.60
302.93	273.93	470.51	518.85	354.49
325.49	290.04	454.39	505.96	393.16
338.38	273.93	428.61	476.95	406.05
344.82	273.93	393.16	444.73	422.17
364.16	273.93	373.83	409.28	438.28
389.94	280.37	338.38	357.71	457.62
399.61	273.93	312.60	309.37	480.18
444.73	228.81	293.26	280.37	499.51
454.39	277.15	280.37	270.70	525.29
467.29	273.93	277.15	277.15	531.74
496.29	283.59	273.93	273.93	544.63
522.07	283.59	270.70	270.70	554.30
551.07	280.37	273.93	273.93	570.41
563.96	302.93	277.15	273.93	570.41
547.85	293.26	270.70	270.70	589.75
480.18	290.04	267.48	270.70	570.41
351.27	290.04	277.15	273.93	534.96
280.37	302.93	273.93	273.93	354.49
280.37	277.15	277.15	277.15	283.59
280.37	273.93	277.15	280.37	293.26
290.04	277.15	277.15	277.15	277.15
286.82	290.04	277.15	277.15	277.15
280.37	277.15	277.15	273.93	280.37
290.04	280.37	277.15	277.15	280.37
270.70	277.15	280.37	273.93	277.15
273.93	277.15	277.15	280.37	283.59
280.37	290.04	277.15	283.59	290.04
277.15	280.37	273.93	277.15	280.37
277.15	277.15	273.93	273.93	280.37
273.93	280.37	283.59	280.37	277.15
296.48	273.93	283.59	267.48	280.37
273.93	283.59	293.26	280.37	277.15
270.70	273.93	441.50	431.84	277.15
270.70	273.93	476.95	525.29	273.93
286.82	277.15	483.40	528.52	277.15
341.60	280.37	467.29	502.73	328.71
357.71	280.37	454.39	480.18	396.39
370.61	267.48	431.84	473.73	422.17
380.27	273.93	402.83	447.95	435.06
383.50	273.93	367.38	435.06	454.39
370.61	277.15	322.27	357.71	483.40
383.50	273.93	302.93	309.37	499.51
389.94	273.93	286.82	273.93	518.85
399.61	273.93	280.37	270.70	531.74
393.16	273.93	270.70	273.93	544.63
425.39	277.15	273.93	277.15	547.85
467.29	280.37	273.93	261.04	560.74
470.51	277.15	270.70	270.70	573.63
473.73	273.93	277.15	277.15	583.30
470.51	270.70	277.15	270.70	596.19
470.51	273.93	273.93	270.70	602.64
460.84	270.70	277.15	273.93	596.19
377.05	277.15	273.93	277.15	580.08
319.04	283.59	273.93	273.93	522.07
280.37	331.93	273.93	280.37	312.60
277.15	286.82	273.93	273.93	283.59
290.04	286.82	280.37	264.26	280.37
296.48	273.93	273.93	273.93	283.59
283.59	283.59	273.93	273.93	280.37
273.93	280.37	277.15	280.37	280.37
277.15	277.15	273.93	257.81	280.37
277.15	277.15	280.37	273.93	273.93
273.93	277.15	277.15	273.93	280.37
283.59	277.15	277.15	277.15	280.37
280.37	277.15	270.70	273.93	280.37
277.15	280.37	277.15	277.15	277.15
277.15	273.93	280.37	277.15	286.82
273.93	283.59	283.59	280.37	280.37
280.37	273.93	444.73	473.73	273.93
267.48	277.15	454.39	525.29	277.15
277.15	280.37	454.39	512.40	341.60
341.60	270.70	451.17	505.96	386.72
367.38	267.48	431.84	486.62	409.28
377.05	270.70	409.28	454.39	425.39
383.50	273.93	406.05	447.95	438.28
393.16	273.93	399.61	438.28	438.28
393.16	273.93	393.16	425.39	441.50
406.05	270.70	389.94	438.28	447.95
402.83	277.15	393.16	428.61	444.73
415.72	261.04	396.39	438.28	454.39
425.39	267.48	396.39	441.50	444.73
438.28	277.15	396.39	438.28	441.50
425.39	277.15	402.83	447.95	435.06
412.50	273.93	409.28	457.62	425.39
402.83	273.93	422.17	483.40	406.05
380.27	277.15	444.73	522.07	386.72
373.83	273.93	451.17	505.96	367.38
383.50	273.93	444.73	480.18	341.60
386.72	273.93	435.06	444.73	328.71
386.72	283.59	406.05	418.95	319.04
389.94	273.93	393.16	383.50	309.37
367.38	273.93	344.82	312.60	290.04
370.61	273.93	306.15	277.15	283.59
348.05	267.48	283.59	280.37	283.59
280.37	280.37	280.37	277.15	277.15
273.93	277.15	280.37	277.15	280.37
277.15	280.37	280.37	277.15	280.37
277.15	283.59	280.37	280.37	280.37
273.93	277.15	283.59	270.70	273.93
293.26	270.70	283.59	280.37	283.59
283.59	280.37	277.15	273.93	277.15
277.15	277.15	267.48	270.70	277.15
273.93	280.37	277.15	277.15	280.37
277.15	280.37	280.37	277.15	280.37
273.93	283.59	273.93	280.37	283.59
273.93	277.15	277.15	277.15	280.37
280.37	277.15	309.37	277.15	280.37
273.93	273.93	351.27	377.05	306.15
315.82	273.93	367.38	418.95	331.93
325.49	273.93	386.72	441.50	357.71
3