351.27	302.93	367.38	386.72	399.61
364.16	302.93	360.94	386.72	399.61
351.27	299.71	367.38	383.50	396.39
357.71	302.93	364.16	373.83	406.05
364.16	306.15	357.71	389.94	396.39
357.71	302.93	360.94	383.50	396.39
364.16	312.60	364.16	386.72	399.61
351.27	299.71	357.71	386.72	399.61
367.38	306.15	360.94	399.61	406.05
354.49	306.15	360.94	386.72	402.83
351.27	306.15	370.61	389.94	402.83
348.05	306.15	364.16	383.50	402.83
367.38	309.37	360.94	383.50	402.83
354.49	306.15	364.16	383.50	399.61
370.61	306.15	357.71	386.72	402.83
367.38	302.93	357.71	383.50	402.83
357.71	309.37	357.71	373.83	399.61
354.49	306.15	357.71	380.27	399.61
354.49	309.37	354.49	380.27	399.61
351.27	306.15	360.94	377.05	399.61
348.05	306.15	360.94	386.72	399.61
367.38	309.37	357.71	380.27	409.28
354.49	309.37	360.94	386.72	402.83
351.27	306.15	367.38	383.50	399.61
370.61	354.49	364.16	383.50	399.61
357.71	306.15	357.71	383.50	402.83
354.49	312.60	354.49	380.27	402.83
351.27	306.15	351.27	380.27	396.39
364.16	306.15	360.94	380.27	402.83
351.27	306.15	357.71	383.50	406.05
351.27	306.15	360.94	380.27	399.61
351.27	309.37	364.16	377.05	396.39
344.82	302.93	357.71	389.94	402.83
341.60	306.15	377.05	393.16	402.83
351.27	302.93	364.16	389.94	399.61
344.82	302.93	364.16	389.94	402.83
344.82	299.71	360.94	393.16	399.61
351.27	302.93	360.94	393.16	406.05
341.60	306.15	373.83	396.39	399.61
344.82	306.15	373.83	399.61	396.39
348.05	306.15	360.94	393.16	406.05
351.27	306.15	367.38	393.16	399.61
357.71	299.71	357.71	402.83	406.05
348.05	306.15	367.38	396.39	402.83
348.05	302.93	367.38	399.61	396.39
348.05	302.93	373.83	412.50	402.83
344.82	299.71	377.05	418.95	399.61
348.05	302.93	377.05	425.39	399.61
351.27	306.15	380.27	425.39	406.05
364.16	302.93	383.50	428.61	396.39
348.05	302.93	386.72	435.06	396.39
351.27	302.93	380.27	425.39	389.94
354.49	302.93	383.50	418.95	383.50
367.38	299.71	377.05	402.83	389.94
351.27	302.93	367.38	377.05	377.05
360.94	302.93	328.71	319.04	370.61
341.60	302.93	296.48	273.93	354.49
328.71	299.71	280.37	273.93	335.16
306.15	286.82	280.37	277.15	293.26
286.82	280.37	280.37	277.15	280.37
280.37	273.93	283.59	277.15	280.37
277.15	277.15	283.59	277.15	280.37
267.48	286.82	277.15	283.59	277.15
280.37	283.59	280.37	273.93	280.37
277.15	280.37	283.59	277.15	277.15
267.48	273.93	277.15	283.59	273.93
290.04	280.37	280.37	280.37	277.15
290.04	277.15	280.37	280.37	277.15
273.93	283.59	283.59	273.93	273.93
277.15	280.37	283.59	290.04	273.93
273.93	277.15	280.37	273.93	273.93
277.15	283.59	283.59	290.04	273.93
286.82	280.37	283.59	283.59	277.15
273.93	280.37	280.37	280.37	277.15
277.15	280.37	293.26	273.93	277.15
273.93	280.37	277.15	277.15	283.59
283.59	280.37	283.59	277.15	286.82
277.15	273.93	280.37	270.70	273.93
273.93	277.15	277.15	277.15	277.15
273.93	280.37	280.37	273.93	273.93
273.93	280.37	283.59	267.48	270.70
280.37	277.15	273.93	277.15	273.93
290.04	273.93	283.59	270.70	277.15
273.93	273.93	338.38	312.60	277.15
270.70	277.15	364.16	386.72	280.37
286.82	273.93	399.61	435.06	273.93
270.70	280.37	431.84	476.95	277.15
280.37	277.15	441.50	509.18	270.70
270.70	283.59	451.17	534.96	267.48
267.48	267.48	460.84	557.52	273.93
283.59	273.93	464.06	567.19	280.37
270.70	277.15	467.29	576.86	270.70
261.04	270.70	473.73	573.63	280.37
273.93	273.93	470.51	589.75	283.59
296.48	277.15	470.51	567.19	283.59
325.49	270.70	460.84	547.85	325.49
335.16	273.93	441.50	534.96	344.82
344.82	273.93	444.73	531.74	354.49
364.16	283.59	435.06	522.07	367.38
357.71	286.82	425.39	515.62	373.83
373.83	299.71	409.28	505.96	383.50
386.72	315.82	389.94	489.84	389.94
396.39	335.16	380.27	460.84	402.83
431.84	370.61	348.05	418.95	425.39
447.95	402.83	322.27	370.61	431.84
470.51	464.06	296.48	302.93	460.84
489.84	502.73	280.37	280.37	483.40
493.07	547.85	277.15	273.93	496.29
512.40	576.86	273.93	270.70	502.73
525.29	596.19	277.15	267.48	505.96
554.30	618.75	273.93	273.93	505.96
557.52	631.64	267.48	267.48	483.40
560.74	647.75	270.70	270.70	473.73
567.19	657.42	273.93	270.70	447.95
589.75	667.09	273.93	267.48	428.61
589.75	673.54	277.15	267.48	409.28
573.63	670.31	270.70	270.70	344.82
515.62	667.09	277.15	270.70	296.48
396.39	663.87	273.93	273.93	283.59
319.04	641.31	270.70	273.93	277.15
273.93	615.53	270.70	277.15	283.59
277.15	576.86	273.93	277.15	273.93
280.37	486.62	277.15	273.93	280.37
280.37	470.51	273.93	270.70	277.15
293.26	438.28	280.37	273.93	277.15
280.37	393.16	286.82	273.93	286.82
280.37	344.82	277.15	280.37	277.15
280.37	293.26	280.37	280.37	277.15
286.82	280.37	280.37	277.15	280.37
273.93	280.37	277.15	283.59	277.15
273.93	280.37	283.59	277.15	283.59
290.04	277.15	293.26	273.93	283.59
277.15	283.59	283.59	273.93	283.59
283.59	277.15	280.37	277.15	280.37
267.48	277.15	280.37	277.15	277.15
267.48	257.81	273.93	280.37	277.15
273.93	280.37	280.37	273.93	273.93
283.59	277.15	273.93	273.93	286.82
273.93	283.59	283.59	273.93	277.15
290.04	277.15	273.93	280.37	280.37
273.93	277.15	277.15	277.15	273.93
277.15	277.15	280.37	277.15	273.93
270.70	280.37	277.15	273.93	277.15
280.37	277.15	273.93	270.70	267.48
280.37	277.15	273.93	280.37	273.93
290.04	277.15	277.15	277.15	270.70
283.59	273.93	273.93	273.93	277.15
270.70	283.59	277.15	277.15	273.93
273.93	277.15	277.15	273.93	277.15
277.15	277.15	293.26	280.37	273.93
277.15	277.15	315.82	425.39	273.93
270.70	273.93	328.71	476.95	277.15
273.93	277.15	360.94	518.85	273.93
283.59	273.93	386.72	544.63	273.93
270.70	277.15	399.61	573.63	270.70
286.82	273.93	441.50	615.53	267.48
286.82	270.70	467.29	638.09	273.93
273.93	273.93	480.18	641.31	270.70
270.70	277.15	499.51	641.31	273.93
270.70	277.15	496.29	634.86	273.93
273.93	273.93	496.29	634.86	277.15
290.04	273.93	489.84	615.53	290.04
354.49	273.93	483.40	592.97	302.93
422.17	267.48	470.51	576.86	312.60
460.84	273.93	457.62	557.52	335.16
483.40	273.93	470.51	560.74	341.60
512.40	286.82	431.84	525.29	344.82
515.62	286.82	409.28	512.40	360.94
534.96	299.71	399.61	499.51	354.49
544.63	328.71	377.05	483.40	364.16
538.18	367.38	354.49	444.73	377.05
560.74	431.84	322.27	389.94	389.94
567.19	509.18	286.82	312.60	409.28
570.41	547.85	277.15	270.70	435.06
589.75	586.52	273.93	270.70	454.39
586.52	609.08	273.93	270.70	464.06
583.30	615.53	273.93	270.70	460.84
589.75	628.42	270.70	270.70	460.84
596.19	634.86	267.48	270.70	464.06
605.86	650.98	267.48	270.70	457.62
605.86	657.42	270.70	270.70	444.73
612.30	654.20	283.59	290.04	435.06
618.75	657.42	267.48	267.48	393.16
583.30	667.09	273.93	273.93	325.49
522.07	663.87	270.70	273.93	290.04
383.50	663.87	280.37	286.82	280.37
280.37	628.42	273.93	273.93	280.37
286.82	505.96	280.37	273.93	280.37
277.15	399.61	280.37	273.93	277.15
283.59	312.60	277.15	277.15	283.59
280.37	283.59	280.37	277.15	280.37
280.37	283.59	280.37	270.70	280.37
277.15	277.15	273.93	280.37	277.15
283.59	280.37	283.59	273.93	280.37
273.93	273.93	277.15	277.15	283.59
280.37	280.37	277.15	273.93	277.15
277.15	277.15	280.37	273.93	280.37
290.04	277.15	273.93	277.15	280.37
280.37	283.59	280.37	277.15	277.15
273.93	296.48	277.15	273.93	277.15
283.59	283.59	273.93	277.15	273.93
280.37	273.93	280.37	273.93	270.70
277.15	280.37	277.15	277.15	273.93
286.82	277.15	280.37	277.15	277.15
270.70	280.37	280.37	277.15	273.93
273.93	277.15	277.15	273.93	273.93
273.93	283.59	277.15	277.15	277.15
296.48	277.15	286.82	290.04	277.15
283.59	280.37	277.15	280.37	283.59
270.70	277.15	273.93	277.15	273.93
277.15	277.15	277.15	273.93	277.15
277.15	277.15	280.37	273.93	273.93
290.04	277.15	280.37	273.93	277.15
273.93	280.37	286.82	280.37	273.93
270.70	280.37	325.49	444.73	283.59
277.15	277.15	351.27	518.85	277.15
290.04	273.93	380.27	551.07	290.04
286.82	273.93	409.28	576.86	270.70
277.15	277.15	431.84	612.30	277.15
286.82	270.70	460.84	638.09	270.70
283.59	261.04	476.95	654.20	267.48
280.37	277.15	486.62	654.20	267.48
283.59	270.70	489.84	657.42	270.70
270.70	270.70	493.07	654.20	270.70
280.37	273.93	499.51	650.98	280.37
273.93	277.15	496.29	641.31	290.04
277.15	270.70	496.29	628.42	296.48
309.37	280.37	489.84	602.64	338.38
351.27	280.37	460.84	576.86	351.27
373.83	273.93	438.28	541.41	373.83
402.83	280.37	402.83	515.62	393.16
441.50	293.26	370.61	489.84	399.61
441.50	322.27	364.16	470.51	412.50
470.51	348.05	341.60	451.17	425.39
489.84	383.50	331.93	415.72	428.61
502.73	425.39	309.37	373.83	441.50
499.51	464.06	286.82	319.04	454.39
505.96	496.29	293.26	270.70	473.73
531.74	528.52	270.70	283.59	486.62
573.63	557.52	267.48	270.70	486.62
576.86	583.30	264.26	273.93	493.07
576.86	605.86	267.48	267.48	489.84
589.75	618.75	267.48	267.48	480.18
602.64	641.31	270.70	267.48	473.73
612.30	638.09	270.70	270.70	460.84
609.08	644.53	270.70	280.37	422.17
592.97	641.31	270.70	267.48	344.82
567.19	657.42	270.70	270.70	299.71
489.84	657.42	270.70	277.15	283.59
380.27	660.64	270.70	273.93	273.93
312.60	638.09	277.15	270.70	273.93
293.26	602.64	273.93	280.37	280.37
277.15	505.96	273.93	273.93	283.59
283.59	473.73	280.37	277.15	280.37
277.15	402.83	277.15	270.70	283.59
277.15	322.27	280.37	277.15	280.37
280.37	280.37	277.15	270.70	280.37
293.26	277.15	273.93	280.37	280.37
277.15	277.15	273.93	277.15	277.15
280.37	277.15	283.59	277.15	280.37
290.04	277.15	270.70	277.15	277.15
283.59	277.15	280.37	277.15	277.15
277.15	277.15	283.59	273.93	280.37
283.59	277.15	273.93	277.15	270.70
309.37	283.59	277.15	277.15	277.15
277.15	280.37	277.15	273.93	280.37
290.04	277.15	277.15	277.15	277.15
273.93	277.15	277.15	277.15	277.15
277.15	277.15	277.15	273.93	277.15
283.59	277.15	293.26	267.48	277.15
286.82	277.15	273.93	280.37	277.15
277.15	283.59	273.93	277.15	273.93
283.59	277.15	277.15	277.15	277.15
270.70	277.15	277.15	280.37	277.15
270.70	273.93	315.82	354.49	273.93
264.26	280.37	328.71	509.18	280.37
270.70	277.15	354.49	547.85	273.93
280.37	270.70	383.50	570.41	273.93
277.15	273.93	409.28	605.86	270.70
273.93	283.59	435.06	638.09	270.70
267.48	277.15	460.84	657.42	270.70
280.37	273.93	476.95	663.87	270.70
286.82	270.70	496.29	660.64	270.70
270.70	273.93	499.51	670.31	270.70
273.93	267.48	505.96	667.09	277.15
273.93	273.93	502.73	660.64	286.82
270.70	273.93	499.51	644.53	293.26
273.93	277.15	489.84	628.42	312.60
273.93	273.93	476.95	618.75	328.71
270.70	277.15	467.29	602.64	360.94
273.93	273.93	451.17	589.75	383.50
283.59	277.15	431.84	573.63	402.83
286.82	270.70	418.95	547.85	418.95
322.27	273.93	389.94	528.52	431.84
344.82	283.59	367.38	499.51	451.17
351.27	312.60	338.38	451.17	470.51
383.50	351.27	312.60	409.28	480.18
402.83	396.39	299.71	360.94	493.07
441.50	431.84	280.37	319.04	499.51
464.06	470.51	273.93	280.37	505.96
489.84	499.51	273.93	270.70	509.18
509.18	528.52	254.59	267.48	515.62
528.52	557.52	270.70	270.70	512.40
547.85	586.52	270.70	273.93	505.96
554.30	612.30	270.70	286.82	483.40
560.74	634.86	264.26	270.70	431.84
563.96	647.75	270.70	270.70	370.61
538.18	663.87	270.70	270.70	315.82
464.06	654.20	277.15	270.70	286.82
373.83	663.87	273.93	270.70	283.59
309.37	657.42	267.48	270.70	280.37
273.93	612.30	270.70	277.15	280.37
286.82	467.29	273.93	277.15	280.37
290.04	319.04	273.93	280.37	277.15
283.59	283.59	277.15	280.37	277.15
290.04	280.37	273.93	273.93	277.15
283.59	273.93	273.93	293.26	273.93
286.82	280.37	277.15	273.93	280.37
286.82	277.15	277.15	277.15	280.37
273.93	273.93	273.93	277.15	277.15
273.93	277.15	280.37	277.15	290.04
273.93	273.93	290.04	273.93	280.37
273.93	277.15	277.15	277.15	286.82
286.82	277.15	277.15	273.93	273.93
270.70	277.15	280.37	273.93	270.70
273.93	273.93	277.15	277.15	280.37
286.82	280.37	277.15	277.15	277.15
286.82	277.15	277.15	277.15	277.15
270.70	277.15	277.15	277.15	277.15
277.15	283.59	280.37	280.37	280.37
273.93	277.15	299.71	306.15	277.15
270.70	273.93	364.16	460.84	273.93
280.37	273.93	380.27	531.74	273.93
283.59	273.93	409.28	557.52	273.93
280.37	273.93	435.06	580.08	270.70
283.59	270.70	464.06	592.97	277.15
273.93	273.93	460.84	605.86	277.15
283.59	273.93	473.73	612.30	277.15
283.59	273.93	480.18	609.08	283.59
312.60	270.70	486.62	615.53	283.59
364.16	277.15	483.40	612.30	290.04
364.16	280.37	483.40	602.64	312.60
364.16	296.48	470.51	589.75	325.49
380.27	309.37	467.29	580.08	335.16
373.83	328.71	441.50	570.41	354.49
386.72	338.38	435.06	557.52	364.16
393.16	354.49	418.95	544.63	373.83
415.72	377.05	406.05	528.52	383.50
444.73	399.61	377.05	518.85	396.39
467.29	435.06	344.82	454.39	418.95
476.95	470.51	312.60	393.16	431.84
502.73	499.51	283.59	319.04	451.17
528.52	534.96	270.70	267.48	464.06
547.85	557.52	273.93	270.70	476.95
557.52	583.30	277.15	267.48	493.07
567.19	609.08	270.70	273.93	493.07
592.97	621.97	270.70	270.70	489.84
602.64	634.86	273.93	264.26	467.29
576.86	647.75	270.70	270.70	409.28
551.07	657.42	270.70	270.70	344.82
483.40	663.87	270.70	273.93	302.93
386.72	670.31	273.93	286.82	283.59
306.15	679.98	273.93	261.04	277.15
280.37	612.30	270.70	273.93	277.15
290.04	457.62	273.93	273.93	290.04
286.82	331.93	280.37	273.93	283.59
296.48	280.37	280.37	277.15	273.93
280.37	277.15	280.37	277.15	283.59
273.93	277.15	283.59	277.15	273.93
286.82	273.93	280.37	280.37	280.37
277.15	277.15	277.15	280.37	280.37
283.59	273.93	277.15	277.15	277.15
273.93	277.15	277.15	273.93	273.93
273.93	280.37	277.15	270.70	277.15
277.15	277.15	277.15	277.15	280.37
273.93	273.93	277.15	277.15	273.93
277.15	277.15	280.37	273.93	273.93
273.93	280.37	273.93	277.15	273.93
277.15	277.15	283.59	280.37	273.93
277.15	273.93	273.93	277.15	280.37
277.15	280.37	277.15	273.93	277.15
283.59	273.93	273.93	273.93	286.82
273.93	280.37	286.82	283.59	277.15
270.70	277.15	364.16	489.84	273.93
277.15	273.93	373.83	522.07	273.93
283.59	270.70	393.16	547.85	273.93
273.93	277.15	431.84	576.86	273.93
277.15	267.48	454.39	599.41	277.15
273.93	277.15	470.51	612.30	273.93
290.04	273.93	483.40	638.09	273.93
270.70	277.15	502.73	631.64	277.15
277.15	277.15	486.62	634.86	283.59
286.82	277.15	486.62	618.75	306.15
280.37	270.70	473.73	602.64	335.16
290.04	270.70	457.62	576.86	364.16
302.93	273.93	438.28	560.74	377.05
328.71	270.70	412.50	547.85	402.83
341.60	299.71	393.16	528.52	415.72
367.38	319.04	373.83	505.96	428.61
386.72	360.94	357.71	464.06	431.84
418.95	406.05	319.04	409.28	451.17
438.28	454.39	283.59	319.04	473.73
464.06	489.84	280.37	270.70	489.84
502.73	525.29	273.93	273.93	505.96
522.07	551.07	270.70	270.70	515.62
531.74	573.63	267.48	273.93	512.40
547.85	615.53	273.93	270.70	509.18
547.85	621.97	273.93	267.48	505.96
560.74	638.09	267.48	267.48	493.07
563.96	647.75	267.48	270.70	473.73
560.74	654.20	267.48	270.70	447.95
525.29	657.42	270.70	270.70	364.16
415.72	660.64	273.93	273.93	290.04
306.15	670.31	273.93	277.15	277.15
283.59	586.52	273.93	273.93	280.37
283.59	447.95	273.93	277.15	283.59
290.04	306.15	270.70	280.37	280.37
277.15	280.37	277.15	280.37	283.59
280.37	277.15	273.93	277.15	280.37
277.15	273.93	280.37	277.15	273.93
277.15	277.15	277.15	277.15	286.82
286.82	280.37	280.37	273.93	270.70
273.93	280.37	286.82	273.93	277.15
286.82	280.37	273.93	273.93	273.93
280.37	277.15	273.93	277.15	277.15
286.82	277.15	277.15	273.93	273.93
286.82	280.37	273.93	277.15	273.93
273.93	283.59	280.37	283.59	277.15
273.93	280.37	277.15	273.93	277.15
273.93	280.37	277.15	244.92	280.37
290.04	277.15	280.37	277.15	273.93
277.15	277.15	273.93	273.93	270.70
270.70	277.15	277.15	273.93	277.15
270.70	280.37	296.48	302.93	273.93
277.15	277.15	351.27	483.40	270.70
270.70	277.15	373.83	551.07	273.93
270.70	273.93	415.72	580.08	270.70
286.82	277.15	451.17	612.30	270.70
273.93	273.93	460.84	641.31	270.70
273.93	273.93	473.73	660.64	270.70
273.93	277.15	496.29	676.76	273.93
273.93	273.93	483.40	667.09	283.59
277.15	273.93	489.84	647.75	283.59
286.82	270.70	489.84	634.86	290.04
277.15	273.93	486.62	621.97	299.71
277.15	273.93	483.40	612.30	331.93
302.93	267.48	476.95	599.41	360.94
302.93	273.93	473.73	583.30	370.61
322.27	273.93	447.95	560.74	393.16
344.82	273.93	428.61	538.18	409.28
351.27	280.37	406.05	518.85	418.95
370.61	306.15	367.38	483.40	435.06
402.83	357.71	335.16	431.84	454.39
438.28	412.50	299.71	348.05	464.06
470.51	464.06	277.15	273.93	489.84
522.07	502.73	267.48	270.70	505.96
534.96	544.63	270.70	270.70	518.85
554.30	573.63	267.48	273.93	518.85
567.19	599.41	270.70	270.70	522.07
570.41	618.75	267.48	267.48	512.40
580.08	634.86	267.48	270.70	486.62
573.63	641.31	270.70	270.70	415.72
489.84	650.98	270.70	270.70	335.16
373.83	650.98	270.70	273.93	286.82
286.82	618.75	273.93	273.93	277.15
273.93	467.29	273.93	273.93	280.37
296.48	373.83	277.15	277.15	283.59
280.37	290.04	273.93	273.93	280.37
280.37	277.15	273.93	277.15	277.15
290.04	283.59	273.93	280.37	280.37
277.15	277.15	283.59	277.15	283.59
277.15	273.93	277.15	273.93	286.82
273.93	280.37	277.15	277.15	280.37
277.15	277.15	273.93	273.93	280.37
290.04	273.93	277.15	290.04	283.59
280.37	290.04	280.37	273.93	273.93
280.37	280.37	277.15	273.93	273.93
273.93	280.37	273.93	277.15	270.70
283.59	277.15	280.37	277.15	264.26
277.15	273.93	283.59	277.15	280.37
273.93	280.37	277.15	277.15	273.93
280.37	280.37	319.04	325.49	277.15
273.93	273.93	393.16	502.73	280.37
277.15	280.37	406.05	528.52	273.93
283.59	270.70	438.28	554.30	267.48
273.93	277.15	457.62	573.63	277.15
280.37	270.70	467.29	570.41	277.15
322.27	273.93	470.51	592.97	286.82
377.05	270.70	473.73	570.41	293.26
386.72	273.93	467.29	570.41	309.37
412.50	273.93	460.84	567.19	325.49
399.61	283.59	454.39	560.74	341.60
412.50	286.82	435.06	551.07	364.16
406.05	293.26	418.95	534.96	370.61
412.50	309.37	396.39	518.85	373.83
435.06	331.93	377.05	505.96	383.50
444.73	348.05	354.49	476.95	399.61
438.28	380.27	335.16	451.17	415.72
470.51	406.05	319.04	415.72	435.06
486.62	425.39	293.26	341.60	447.95
499.51	464.06	277.15	273.93	467.29
541.41	515.62	277.15	267.48	480.18
580.08	583.30	267.48	270.70	493.07
592.97	605.86	270.70	267.48	489.84
605.86	634.86	273.93	267.48	489.84
625.20	650.98	270.70	270.70	460.84
628.42	657.42	273.93	264.26	412.50
602.64	667.09	267.48	267.48	338.38
544.63	667.09	277.15	270.70	290.04
435.06	683.20	270.70	270.70	273.93
312.60	667.09	290.04	273.93	273.93
286.82	509.18	273.93	277.15	280.37
273.93	386.72	277.15	280.37	273.93
277.15	277.15	280.37	270.70	280.37
277.15	277.15	277.15	277.15	277.15
283.59	273.93	273.93	273.93	290.04
273.93	283.59	280.37	273.93	277.15
277.15	277.15	277.15	273.93	277.15
290.04	273.93	277.15	273.93	277.15
290.04	283.59	277.15	277.15	273.93
273.93	283.59	277.15	273.93	283.59
277.15	280.37	277.15	277.15	280.37
283.59	273.93	270.70	277.15	283.59
280.37	280.37	273.93	277.15	277.15
273.93	273.93	277.15	273.93	267.48
290.04	280.37	280.37	277.15	277.15
270.70	273.93	273.93	277.15	277.15
280.37	286.82	280.37	277.15	277.15
286.82	277.15	277.15	273.93	277.15
280.37	280.37	280.37	277.15	277.15
293.26	273.93	357.71	499.51	277.15
277.15	280.37	380.27	557.52	273.93
270.70	277.15	396.39	592.97	277.15
277.15	277.15	447.95	625.20	270.70
264.26	283.59	467.29	631.64	270.70
270.70	273.93	483.40	618.75	273.93
367.38	273.93	476.95	596.19	286.82
444.73	280.37	473.73	567.19	299.71
531.74	296.48	451.17	541.41	306.15
554.30	331.93	428.61	525.29	319.04
567.19	338.38	422.17	522.07	319.04
583.30	348.05	422.17	531.74	335.16
596.19	354.49	425.39	528.52	335.16
609.08	354.49	425.39	534.96	335.16
618.75	370.61	409.28	522.07	344.82
621.97	377.05	396.39	515.62	341.60
618.75	386.72	399.61	502.73	341.60
621.97	389.94	386.72	493.07	348.05
628.42	402.83	367.38	473.73	354.49
628.42	415.72	341.60	441.50	364.16
638.09	441.50	319.04	389.94	373.83
673.54	467.29	299.71	322.27	393.16
647.75	505.96	280.37	273.93	412.50
657.42	541.41	267.48	270.70	422.17
676.76	570.41	273.93	273.93	422.17
676.76	602.64	270.70	267.48	425.39
654.20	609.08	273.93	270.70	380.27
638.09	625.20	270.70	267.48	325.49
612.30	634.86	270.70	273.93	286.82
576.86	641.31	283.59	270.70	277.15
499.51	657.42	273.93	267.48	277.15
409.28	650.98	267.48	273.93	273.93
335.16	641.31	270.70	273.93	277.15
306.15	583.30	277.15	270.70	280.37
296.48	460.84	270.70	273.93	280.37
283.59	370.61	277.15	277.15	280.37
270.70	283.59	277.15	283.59	277.15
273.93	277.15	277.15	277.15	280.37
296.48	273.93	277.15	273.93	280.37
277.15	277.15	277.15	277.15	277.15
273.93	283.59	277.15	280.37	273.93
277.15	277.15	277.15	273.93	280.37
273.93	273.93	277.15	273.93	277.15
277.15	277.15	273.93	277.15	273.93
290.04	283.59	273.93	277.15	283.59
273.93	299.71	277.15	280.37	280.37
290.04	277.15	273.93	277.15	280.37
286.82	280.37	283.59	277.15	273.93
277.15	277.15	277.15	277.15	277.15
277.15	270.70	273.93	273.93	277.15
280.37	280.37	273.93	273.93	273.93
283.59	277.15	277.15	277.15	277.15
270.70	270.70	277.15	277.15	277.15
286.82	283.59	283.59	283.59	280.37
270.70	277.15	315.82	425.39	270.70
280.37	277.15	344.82	476.95	270.70
273.93	280.37	364.16	512.40	273.93
273.93	273.93	373.83	525.29	267.48
270.70	280.37	399.61	531.74	270.70
277.15	280.37	402.83	518.85	270.70
299.71	273.93	406.05	512.40	280.37
364.16	273.93	393.16	512.40	286.82
412.50	277.15	389.94	509.18	309.37
444.73	273.93	386.72	505.96	325.49
464.06	273.93	386.72	505.96	341.60
476.95	270.70	380.27	509.18	364.16
483.40	283.59	373.83	522.07	373.83
493.07	286.82	370.61	502.73	389.94
505.96	293.26	348.05	499.51	396.39
493.07	309.37	328.71	473.73	422.17
496.29	315.82	302.93	435.06	451.17
493.07	338.38	280.37	389.94	476.95
502.73	367.38	273.93	322.27	499.51
525.29	396.39	277.15	283.59	522.07
528.52	422.17	280.37	267.48	531.74
538.18	435.06	270.70	270.70	557.52
531.74	464.06	273.93	270.70	554.30
538.18	486.62	280.37	277.15	554.30
547.85	512.40	273.93	267.48	563.96
560.74	538.18	264.26	270.70	554.30
580.08	554.30	270.70	277.15	560.74
580.08	576.86	270.70	270.70	551.07
605.86	596.19	270.70	277.15	547.85
615.53	609.08	267.48	270.70	531.74
589.75	615.53	270.70	270.70	457.62
563.96	618.75	270.70	277.15	360.94
460.84	621.97	273.93	273.93	293.26
328.71	599.41	270.70	270.70	277.15
277.15	467.29	273.93	277.15	280.37
280.37	309.37	280.37	277.15	280.37
280.37	299.71	273.93	273.93	280.37
280.37	283.59	277.15	277.15	290.04
273.93	286.82	280.37	273.93	280.37
286.82	273.93	328.71	277.15	273.93
277.15	280.37	270.70	273.93	280.37
277.15	280.37	277.15	277.15	283.59
283.59	280.37	277.15	277.15	277.15
280.37	277.15	280.37	273.93	273.93
277.15	277.15	277.15	277.15	277.15
277.15	277.15	270.70	273.93	283.59
293.26	280.37	277.15	273.93	280.37
286.82	277.15	286.82	273.93	277.15
283.59	280.37	277.15	273.93	273.93
280.37	280.37	273.93	277.15	277.15
277.15	277.15	277.15	273.93	277.15
277.15	277.15	283.59	280.37	273.93
280.37	280.37	370.61	435.06	273.93
273.93	277.15	402.83	518.85	270.70
277.15	273.93	399.61	528.52	267.48
270.70	277.15	435.06	544.63	273.93
280.37	273.93	451.17	560.74	270.70
267.48	277.15	460.84	576.86	270.70
254.59	277.15	470.51	583.30	277.15
283.59	273.93	480.18	576.86	280.37
290.04	273.93	480.18	573.63	277.15
325.49	273.93	473.73	583.30	286.82
364.16	273.93	476.95	583.30	299.71
377.05	277.15	476.95	583.30	319.04
409.28	273.93	464.06	570.41	335.16
409.28	270.70	444.73	554.30	370.61
425.39	273.93	425.39	541.41	370.61
441.50	286.82	409.28	528.52	380.27
457.62	296.48	402.83	515.62	377.05
464.06	306.15	396.39	512.40	377.05
470.51	312.60	393.16	502.73	383.50
476.95	315.82	373.83	486.62	386.72
496.29	351.27	351.27	435.06	409.28
522.07	386.72	319.04	383.50	422.17
551.07	422.17	293.26	309.37	451.17
554.30	457.62	277.15	273.93	444.73
570.41	502.73	273.93	273.93	457.62
602.64	538.18	273.93	270.70	467.29
602.64	576.86	277.15	267.48	457.62
628.42	592.97	270.70	280.37	431.84
612.30	602.64	270.70	270.70	354.49
596.19	612.30	273.93	267.48	296.48
531.74	621.97	283.59	264.26	280.37
415.72	609.08	273.93	273.93	283.59
296.48	512.40	277.15	277.15	277.15
293.26	351.27	273.93	283.59	283.59
277.15	283.59	277.15	280.37	280.37
273.93	280.37	280.37	283.59	280.37
273.93	280.37	273.93	283.59	283.59
277.15	280.37	280.37	277.15	280.37
273.93	280.37	280.37	270.70	273.93
267.48	277.15	293.26	273.93	277.15
280.37	277.15	277.15	286.82	277.15
273.93	277.15	283.59	273.93	280.37
280.37	273.93	277.15	277.15	273.93
277.15	277.15	280.37	280.37	280.37
277.15	283.59	280.37	280.37	277.15
273.93	273.93	277.15	280.37	277.15
277.15	277.15	277.15	277.15	280.37
277.15	273.93	280.37	273.93	270.70
280.37	277.15	277.15	270.70	273.93
264.26	277.15	280.37	277.15	277.15
280.37	273.93	280.37	277.15	273.93
273.93	277.15	312.60	406.05	273.93
280.37	273.93	357.71	528.52	270.70
270.70	277.15	380.27	560.74	273.93
280.37	273.93	402.83	576.86	273.93
273.93	273.93	431.84	599.41	273.93
273.93	277.15	467.29	612.30	267.48
270.70	277.15	470.51	615.53	273.93
286.82	273.93	470.51	605.86	277.15
280.37	273.93	470.51	605.86	280.37
309.37	273.93	470.51	605.86	293.26
328.71	270.70	473.73	592.97	319.04
357.71	273.93	464.06	592.97	338.38
354.49	277.15	444.73	576.86	360.94
357.71	280.37	422.17	560.74	380.27
360.94	273.93	406.05	547.85	396.39
367.38	290.04	380.27	531.74	415.72
370.61	322.27	348.05	509.18	428.61
399.61	309.37	338.38	486.62	447.95
396.39	328.71	328.71	467.29	460.84
418.95	328.71	312.60	435.06	470.51
435.06	360.94	306.15	415.72	486.62
431.84	393.16	293.26	364.16	493.07
447.95	431.84	283.59	312.60	505.96
464.06	464.06	277.15	270.70	525.29
505.96	493.07	280.37	273.93	531.74
509.18	525.29	261.04	264.26	528.52
531.74	554.30	273.93	270.70	538.18
551.07	573.63	270.70	270.70	531.74
570.41	589.75	267.48	270.70	525.29
596.19	609.08	267.48	273.93	489.84
589.75	621.97	267.48	270.70	406.05
563.96	631.64	273.93	273.93	312.60
496.29	628.42	270.70	273.93	280.37
360.94	609.08	270.70	270.70	280.37
277.15	512.40	277.15	273.93	280.37
280.37	341.60	280.37	280.37	277.15
277.15	286.82	286.82	280.37	280.37
290.04	283.59	273.93	277.15	283.59
277.15	280.37	267.48	273.93	280.37
273.93	280.37	277.15	273.93	283.59
283.59	277.15	283.59	277.15	280.37
273.93	280.37	277.15	280.37	280.37
290.04	273.93	277.15	277.15	280.37
277.15	277.15	270.70	273.93	277.15
280.37	273.93	277.15	270.70	273.93
283.59	280.37	277.15	277.15	273.93
280.37	280.37	277.15	273.93	277.15
273.93	277.15	277.15	280.37	280.37
280.37	280.37	277.15	277.15	277.15
290.04	270.70	280.37	277.15	273.93
280.37	277.15	277.15	277.15	280.37
273.93	277.15	277.15	280.37	273.93
286.82	290.04	277.15	286.82	280.37
293.26	280.37	277.15	277.15	277.15
273.93	277.15	286.82	273.93	277.15
270.70	273.93	354.49	470.51	277.15
286.82	283.59	373.83	528.52	273.93
273.93	283.59	399.61	557.52	277.15
270.70	277.15	438.28	583.30	273.93
280.37	277.15	454.39	609.08	273.93
273.93	273.93	473.73	625.20	277.15
286.82	277.15	483.40	631.64	280.37
273.93	270.70	489.84	634.86	273.93
277.15	270.70	493.07	634.86	290.04
302.93	283.59	493.07	631.64	299.71
312.60	280.37	493.07	625.20	325.49
322.27	277.15	486.62	605.86	335.16
341.60	270.70	483.40	592.97	341.60
357.71	273.93	496.29	583.30	348.05
380.27	280.37	467.29	573.63	357.71
393.16	283.59	447.95	554.30	370.61
431.84	306.15	425.39	534.96	373.83
473.73	328.71	393.16	496.29	383.50
502.73	367.38	354.49	460.84	402.83
531.74	412.50	319.04	377.05	425.39
563.96	444.73	273.93	290.04	447.95
580.08	489.84	270.70	293.26	467.29
580.08	525.29	273.93	270.70	480.18
605.86	554.30	270.70	273.93	483.40
602.64	573.63	273.93	270.70	483.40
621.97	589.75	270.70	273.93	473.73
638.09	615.53	270.70	273.93	470.51
625.20	602.64	270.70	270.70	457.62
612.30	612.30	273.93	270.70	415.72
576.86	612.30	273.93	270.70	348.05
493.07	618.75	270.70	273.93	296.48
396.39	615.53	273.93	270.70	277.15
299.71	512.40	270.70	270.70	277.15
290.04	496.29	273.93	273.93	277.15
286.82	364.16	277.15	277.15	283.59
277.15	293.26	273.93	270.70	283.59
277.15	286.82	273.93	280.37	277.15
280.37	283.59	280.37	273.93	277.15
264.26	280.37	280.37	264.26	280.37
277.15	280.37	277.15	277.15	280.37
277.15	290.04	273.93	283.59	280.37
280.37	286.82	277.15	277.15	277.15
290.04	280.37	277.15	280.37	277.15
283.59	283.59	280.37	270.70	273.93
277.15	280.37	280.37	280.37	280.37
283.59	280.37	280.37	273.93	244.92
277.15	283.59	273.93	273.93	319.04
280.37	286.82	277.15	277.15	277.15
286.82	280.37	277.15	277.15	273.93
296.48	277.15	273.93	277.15	277.15
290.04	277.15	273.93	277.15	286.82
286.82	280.37	280.37	280.37	280.37
286.82	280.37	277.15	280.37	277.15
280.37	283.59	277.15	273.93	270.70
277.15	290.04	277.15	270.70	277.15
273.93	280.37	283.59	277.15	273.93
290.04	273.93	315.82	431.84	273.93
277.15	277.15	351.27	473.73	273.93
273.93	273.93	377.05	512.40	280.37
270.70	277.15	402.83	544.63	273.93
290.04	273.93	467.29	567.19	273.93
283.59	273.93	460.84	583.30	277.15
283.59	270.70	467.29	576.86	277.15
293.26	273.93	470.51	567.19	280.37
370.61	283.59	467.29	554.30	290.04
409.28	277.15	457.62	547.85	299.71
451.17	270.70	451.17	538.18	312.60
480.18	273.93	438.28	528.52	325.49
525.29	277.15	428.61	531.74	335.16
541.41	283.59	412.50	515.62	348.05
541.41	296.48	389.94	509.18	357.71
551.07	322.27	354.49	476.95	373.83
557.52	344.82	341.60	447.95	393.16
563.96	367.38	322.27	415.72	406.05
547.85	389.94	315.82	389.94	428.61
515.62	406.05	299.71	338.38	438.28
541.41	435.06	277.15	286.82	457.62
531.74	451.17	277.15	267.48	480.18
551.07	483.40	277.15	270.70	505.96
551.07	512.40	267.48	267.48	518.85
583.30	538.18	267.48	270.70	522.07
583.30	567.19	267.48	273.93	531.74
596.19	589.75	270.70	280.37	531.74
625.20	596.19	270.70	267.48	522.07
615.53	621.97	267.48	267.48	512.40
625.20	628.42	270.70	273.93	489.84
612.30	634.86	273.93	267.48	435.06
605.86	638.09	270.70	280.37	351.27
554.30	650.98	270.70	270.70	293.26
464.06	650.98	273.93	267.48	283.59
354.49	628.42	270.70	273.93	277.15
293.26	557.52	277.15	273.93	280.37
290.04	406.05	273.93	277.15	280.37
290.04	286.82	277.15	277.15	283.59
283.59	283.59	283.59	280.37	277.15
277.15	273.93	277.15	277.15	302.93
286.82	277.15	277.15	280.37	280.37
277.15	283.59	277.15	277.15	277.15
277.15	273.93	277.15	273.93	283.59
286.82	277.15	270.70	277.15	270.70
290.04	280.37	283.59	270.70	273.93
277.15	273.93	273.93	280.37	277.15
277.15	280.37	280.37	273.93	273.93
277.15	280.37	277.15	273.93	277.15
273.93	277.15	277.15	277.15	277.15
293.26	270.70	273.93	273.93	273.93
273.93	273.93	277.15	273.93	270.70
273.93	277.15	277.15	277.15	273.93
270.70	280.37	280.37	277.15	290.04
277.15	280.37	277.15	273.93	280.37
273.93	280.37	277.15	273.93	277.15
283.59	277.15	290.04	277.15	273.93
273.93	283.59	277.15	277.15	277.15
280.37	280.37	286.82	280.37	280.37
267.48	273.93	328.71	348.05	273.93
273.93	273.93	315.82	399.61	277.15
277.15	280.37	341.60	447.95	277.15
270.70	277.15	370.61	493.07	273.93
267.48	277.15	396.39	538.18	270.70
273.93	273.93	409.28	563.96	270.70
277.15	277.15	438.28	589.75	270.70
280.37	273.93	451.17	599.41	273.93
280.37	273.93	467.29	609.08	273.93
283.59	267.48	476.95	625.20	277.15
267.48	273.93	480.18	621.97	270.70
270.70	273.93	496.29	628.42	270.70
283.59	270.70	496.29	628.42	270.70
270.70	286.82	499.51	631.64	273.93
273.93	273.93	505.96	628.42	273.93
273.93	273.93	512.40	631.64	277.15
280.37	280.37	512.40	625.20	270.70
283.59	273.93	460.84	631.64	270.70
277.15	273.93	502.73	638.09	277.15
277.15	270.70	512.40	631.64	280.37
283.59	273.93	515.62	628.42	286.82
296.48	267.48	518.85	634.86	280.37
312.60	283.59	515.62	631.64	322.27
354.49	270.70	515.62	625.20	286.82
373.83	273.93	505.96	618.75	277.15
406.05	273.93	522.07	605.86	283.59
425.39	273.93	502.73	602.64	286.82
454.39	267.48	496.29	596.19	290.04
457.62	277.15	480.18	573.63	299.71
483.40	270.70	464.06	554.30	309.37
512.40	270.70	438.28	531.74	331.93
531.74	270.70	389.94	493.07	344.82
557.52	280.37	360.94	441.50	364.16
580.08	309.37	312.60	370.61	383.50
602.64	351.27	277.15	286.82	402.83
638.09	393.16	277.15	273.93	431.84
644.53	428.61	270.70	267.48	428.61
657.42	454.39	267.48	270.70	444.73
660.64	483.40	270.70	270.70	447.95
654.20	512.40	273.93	270.70	438.28
673.54	534.96	267.48	267.48	428.61
660.64	560.74	273.93	270.70	380.27
647.75	580.08	270.70	267.48	319.04
631.64	596.19	273.93	267.48	290.04
583.30	612.30	270.70	267.48	280.37
480.18	621.97	273.93	273.93	280.37
370.61	567.19	270.70	270.70	277.15
309.37	486.62	273.93	277.15	273.93
306.15	428.61	277.15	280.37	283.59
277.15	309.37	277.15	277.15	277.15
280.37	283.59	280.37	273.93	277.15
296.48	277.15	277.15	277.15	277.15
286.82	277.15	280.37	280.37	280.37
277.15	277.15	277.15	277.15	277.15
296.48	280.37	267.48	277.15	277.15
277.15	280.37	280.37	273.93	283.59
290.04	277.15	273.93	277.15	273.93
283.59	273.93	277.15	277.15	283.59
277.15	280.37	277.15	254.59	280.37
286.82	277.15	273.93	273.93	273.93
277.15	283.59	290.04	277.15	273.93
273.93	267.48	270.70	273.93	270.70
290.04	277.15	277.15	277.15	273.93
277.15	277.15	280.37	277.15	273.93
286.82	273.93	280.37	280.37	277.15
290.04	277.15	280.37	277.15	277.15
293.26	277.15	277.15	277.15	277.15
283.59	273.93	277.15	273.93	273.93
277.15	273.93	283.59	273.93	273.93
277.15	280.37	348.05	409.28	280.37
286.82	273.93	373.83	489.84	273.93
283.59	277.15	396.39	522.07	270.70
273.93	270.70	428.61	557.52	283.59
290.04	273.93	457.62	580.08	273.93
277.15	264.26	467.29	586.52	270.70
280.37	273.93	476.95	596.19	273.93
273.93	273.93	486.62	599.41	283.59
277.15	273.93	483.40	599.41	280.37
277.15	270.70	486.62	592.97	293.26
290.04	270.70	483.40	586.52	335.16
315.82	273.93	476.95	583.30	344.82
322.27	277.15	464.06	573.63	357.71
351.27	273.93	438.28	551.07	383.50
357.71	267.48	418.95	531.74	396.39
370.61	270.70	396.39	512.40	406.05
386.72	277.15	377.05	509.18	422.17
393.16	280.37	357.71	483.40	431.84
409.28	312.60	335.16	435.06	457.62
422.17	325.49	302.93	386.72	470.51
464.06	360.94	283.59	315.82	489.84
460.84	399.61	283.59	280.37	505.96
483.40	422.17	270.70	267.48	518.85
505.96	444.73	273.93	270.70	531.74
541.41	467.29	273.93	267.48	534.96
576.86	486.62	273.93	273.93	534.96
567.19	525.29	267.48	273.93	531.74
589.75	544.63	273.93	270.70	522.07
612.30	567.19	270.70	273.93	509.18
605.86	580.08	273.93	270.70	447.95
583.30	580.08	267.48	270.70	357.71
486.62	586.52	273.93	270.70	293.26
348.05	576.86	277.15	270.70	280.37
302.93	483.40	277.15	270.70	280.37
270.70	302.93	273.93	280.37	277.15
280.37	277.15	277.15	273.93	277.15
273.93	280.37	273.93	277.15	283.59
280.37	280.37	273.93	280.37	283.59
290.04	277.15	277.15	280.37	280.37
277.15	277.15	280.37	280.37	280.37
277.15	280.37	273.93	273.93	280.37
283.59	273.93	280.37	277.15	267.48
293.26	277.15	273.93	273.93	283.59
277.15	277.15	293.26	280.37	277.15
280.37	280.37	277.15	280.37	290.04
277.15	280.37	277.15	273.93	277.15
277.15	280.37	280.37	277.15	270.70
283.59	277.15	273.93	290.04	273.93
286.82	277.15	273.93	280.37	273.93
290.04	280.37	280.37	277.15	270.70
277.15	277.15	273.93	280.37	273.93
290.04	280.37	277.15	277.15	286.82
293.26	280.37	280.37	277.15	273.93
277.15	277.15	293.26	302.93	277.15
267.48	277.15	322.27	444.73	273.93
286.82	273.93	351.27	496.29	273.93
290.04	273.93	389.94	531.74	273.93
286.82	270.70	422.17	576.86	273.93
286.82	270.70	451.17	605.86	270.70
270.70	270.70	457.62	625.20	270.70
273.93	267.48	486.62	631.64	273.93
273.93	273.93	496.29	631.64	280.37
277.15	273.93	505.96	634.86	277.15
270.70	273.93	499.51	621.97	290.04
283.59	277.15	528.52	618.75	319.04
296.48	273.93	509.18	602.64	335.16
312.60	270.70	483.40	586.52	331.93
348.05	273.93	476.95	570.41	335.16
351.27	286.82	473.73	570.41	341.60
380.27	283.59	460.84	557.52	351.27
406.05	273.93	435.06	525.29	360.94
431.84	273.93	380.27	483.40	383.50
470.51	319.04	335.16	418.95	402.83
525.29	383.50	290.04	322.27	438.28
541.41	438.28	277.15	277.15	454.39
563.96	470.51	267.48	267.48	476.95
592.97	509.18	273.93	267.48	496.29
605.86	551.07	270.70	270.70	493.07
605.86	573.63	273.93	270.70	486.62
605.86	602.64	270.70	273.93	483.40
621.97	609.08	267.48	267.48	464.06
596.19	618.75	270.70	273.93	412.50
570.41	612.30	277.15	267.48	348.05
480.18	609.08	270.70	270.70	283.59
344.82	612.30	273.93	273.93	277.15
286.82	528.52	277.15	277.15	277.15
290.04	348.05	277.15	277.15	277.15
273.93	277.15	273.93	270.70	277.15
286.82	277.15	273.93	280.37	290.04
280.37	277.15	277.15	280.37	261.04
270.70	280.37	277.15	277.15	280.37
277.15	280.37	293.26	286.82	280.37
286.82	283.59	280.37	277.15	273.93
293.26	273.93	280.37	277.15	286.82
273.93	273.93	270.70	277.15	270.70
277.15	280.37	277.15	270.70	273.93
277.15	280.37	277.15	293.26	273.93
277.15	280.37	277.15	277.15	280.37
290.04	277.15	280.37	277.15	280.37
277.15	273.93	273.93	270.70	273.93
277.15	280.37	270.70	277.15	280.37
277.15	280.37	270.70	277.15	280.37
277.15	277.15	277.15	283.59	277.15
283.59	286.82	331.93	470.51	277.15
286.82	273.93	360.94	522.07	273.93
286.82	280.37	389.94	551.07	273.93
270.70	277.15	418.95	583.30	273.93
267.48	277.15	447.95	615.53	273.93
280.37	277.15	460.84	641.31	277.15
290.04	267.48	476.95	644.53	267.48
286.82	270.70	489.84	660.64	283.59
290.04	270.70	499.51	641.31	283.59
277.15	270.70	499.51	634.86	293.26
309.37	270.70	496.29	612.30	306.15
312.60	273.93	493.07	609.08	325.49
331.93	270.70	483.40	592.97	331.93
335.16	277.15	473.73	586.52	344.82
351.27	273.93	460.84	573.63	360.94
377.05	270.70	441.50	570.41	377.05
383.50	270.70	409.28	525.29	406.05
393.16	319.04	370.61	489.84	431.84
409.28	360.94	325.49	431.84	460.84
454.39	431.84	277.15	338.38	486.62
473.73	441.50	277.15	273.93	509.18
499.51	483.40	270.70	270.70	518.85
525.29	518.85	270.70	273.93	541.41
544.63	557.52	270.70	270.70	538.18
544.63	589.75	270.70	267.48	544.63
563.96	599.41	264.26	277.15	538.18
576.86	615.53	270.70	270.70	493.07
551.07	625.20	270.70	267.48	418.95
502.73	628.42	280.37	270.70	341.60
422.17	628.42	277.15	277.15	280.37
322.27	618.75	277.15	273.93	270.70
277.15	512.40	270.70	277.15	280.37
277.15	331.93	273.93	270.70	280.37
290.04	283.59	273.93	277.15	283.59
277.15	277.15	283.59	277.15	280.37
273.93	273.93	277.15	277.15	277.15
277.15	277.15	277.15	273.93	280.37
277.15	283.59	280.37	280.37	273.93
273.93	293.26	277.15	277.15	280.37
283.59	277.15	273.93	273.93	280.37
280.37	267.48	273.93	277.15	283.59
273.93	273.93	280.37	277.15	273.93
280.37	280.37	273.93	277.15	273.93
286.82	273.93	277.15	277.15	277.15
277.15	280.37	273.93	273.93	277.15
273.93	277.15	280.37	277.15	273.93
283.59	277.15	273.93	273.93	270.70
283.59	277.15	280.37	273.93	273.93
277.15	277.15	277.15	277.15	273.93
290.04	280.37	277.15	280.37	270.70
290.04	277.15	299.71	331.93	273.93
273.93	273.93	357.71	512.40	273.93
273.93	273.93	360.94	528.52	273.93
270.70	280.37	409.28	560.74	273.93
267.48	270.70	447.95	589.75	270.70
273.93	277.15	460.84	605.86	273.93
277.15	270.70	480.18	612.30	280.37
273.93	273.93	489.84	615.53	280.37
286.82	273.93	489.84	609.08	283.59
335.16	270.70	493.07	602.64	299.71
357.71	270.70	483.40	596.19	299.71
364.16	286.82	480.18	589.75	325.49
367.38	277.15	464.06	576.86	331.93
370.61	267.48	451.17	567.19	344.82
377.05	273.93	438.28	554.30	354.49
383.50	273.93	409.28	531.74	377.05
393.16	277.15	373.83	509.18	402.83
399.61	293.26	351.27	464.06	435.06
435.06	322.27	319.04	425.39	457.62
467.29	370.61	290.04	348.05	486.62
476.95	422.17	280.37	286.82	509.18
496.29	444.73	273.93	273.93	518.85
528.52	483.40	270.70	270.70	534.96
541.41	515.62	270.70	270.70	538.18
557.52	547.85	270.70	270.70	541.41
567.19	583.30	267.48	267.48	534.96
576.86	605.86	277.15	270.70	522.07
576.86	621.97	270.70	273.93	460.84
557.52	628.42	270.70	270.70	367.38
467.29	631.64	270.70	270.70	296.48
344.82	625.20	264.26	273.93	280.37
283.59	528.52	280.37	277.15	280.37
277.15	360.94	277.15	273.93	277.15
293.26	280.37	273.93	277.15	280.37
277.15	273.93	273.93	277.15	277.15
280.37	280.37	277.15	273.93	277.15
277.15	277.15	273.93	277.15	283.59
283.59	286.82	273.93	290.04	283.59
273.93	286.82	277.15	270.70	273.93
290.04	277.15	277.15	277.15	270.70
283.59	286.82	273.93	273.93	283.59
283.59	277.15	280.37	280.37	280.37
277.15	283.59	277.15	277.15	280.37
280.37	283.59	273.93	280.37	277.15
273.93	280.37	277.15	273.93	277.15
283.59	277.15	280.37	280.37	277.15
290.04	286.82	277.15	273.93	277.15
283.59	286.82	273.93	273.93	277.15
277.15	280.37	277.15	277.15	273.93
277.15	283.59	277.15	286.82	283.59
280.37	270.70	283.59	280.37	280.37
270.70	277.15	319.04	438.28	277.15
286.82	273.93	351.27	480.18	270.70
286.82	273.93	383.50	531.74	273.93
270.70	273.93	409.28	563.96	270.70
286.82	273.93	435.06	583.30	270.70
261.04	273.93	460.84	596.19	280.37
270.70	270.70	480.18	596.19	273.93
296.48	264.26	480.18	596.19	280.37
341.60	280.37	480.18	580.08	296.48
383.50	277.15	473.73	589.75	328.71
406.05	273.93	470.51	570.41	335.16
428.61	273.93	467.29	567.19	335.16
447.95	273.93	460.84	563.96	331.93
441.50	273.93	454.39	557.52	338.38
457.62	273.93	457.62	557.52	331.93
460.84	273.93	441.50	544.63	335.16
473.73	277.15	418.95	528.52	341.60
489.84	293.26	380.27	502.73	367.38
522.07	319.04	351.27	435.06	386.72
554.30	367.38	306.15	364.16	415.72
563.96	425.39	277.15	280.37	435.06
586.52	464.06	270.70	270.70	460.84
599.41	522.07	273.93	273.93	476.95
605.86	570.41	267.48	270.70	480.18
638.09	605.86	273.93	270.70	464.06
628.42	625.20	270.70	270.70	409.28
599.41	647.75	270.70	270.70	335.16
547.85	654.20	277.15	270.70	286.82
415.72	660.64	270.70	267.48	277.15
306.15	563.96	273.93	273.93	277.15
296.48	499.51	270.70	277.15	280.37
277.15	338.38	280.37	280.37	273.93
290.04	280.37	273.93	280.37	280.37
277.15	277.15	273.93	277.15	277.15
277.15	273.93	280.37	280.37	277.15
280.37	286.82	280.37	277.15	277.15
277.15	283.59	280.37	277.15	280.37
290.04	277.15	283.59	277.15	273.93
277.15	280.37	277.15	270.70	277.15
290.04	277.15	277.15	280.37	273.93
280.37	283.59	280.37	273.93	277.15
280.37	273.93	277.15	280.37	277.15
280.37	280.37	283.59	261.04	277.15
277.15	280.37	277.15	283.59	277.15
286.82	273.93	277.15	280.37	273.93
270.70	280.37	286.82	277.15	277.15
286.82	273.93	277.15	280.37	280.37
280.37	280.37	309.37	396.39	277.15
283.59	273.93	354.49	509.18	273.93
280.37	273.93	386.72	531.74	273.93
267.48	277.15	412.50	557.52	273.93
267.48	277.15	441.50	576.86	267.48
270.70	277.15	454.39	599.41	277.15
273.93	270.70	476.95	602.64	277.15
270.70	273.93	480.18	592.97	277.15
322.27	277.15	480.18	580.08	286.82
354.49	273.93	473.73	573.63	296.48
377.05	273.93	457.62	567.19	328.71
389.94	273.93	441.50	554.30	348.05
399.61	270.70	418.95	541.41	370.61
418.95	286.82	380.27	528.52	383.50
460.84	306.15	360.94	486.62	399.61
489.84	360.94	319.04	435.06	428.61
496.29	406.05	302.93	386.72	438.28
518.85	428.61	280.37	312.60	460.84
515.62	451.17	277.15	277.15	480.18
531.74	476.95	270.70	267.48	509.18
522.07	509.18	273.93	267.48	534.96
522.07	534.96	273.93	273.93	544.63
531.74	554.30	270.70	264.26	554.30
538.18	576.86	270.70	267.48	554.30
544.63	596.19	270.70	270.70	551.07
541.41	615.53	270.70	267.48	557.52
541.41	615.53	267.48	267.48	522.07
531.74	631.64	270.70	270.70	422.17
502.73	625.20	270.70	277.15	335.16
422.17	625.20	277.15	277.15	273.93
296.48	554.30	277.15	270.70	280.37
280.37	470.51	290.04	280.37	280.37
283.59	331.93	270.70	273.93	283.59
280.37	296.48	277.15	273.93	286.82
286.82	277.15	277.15	273.93	280.37
277.15	299.71	280.37	283.59	280.37
277.15	296.48	280.37	277.15	277.15
290.04	280.37	273.93	277.15	277.15
296.48	296.48	280.37	280.37	277.15
286.82	286.82	283.59	277.15	273.93
293.26	286.82	277.15	277.15	273.93
290.04	293.26	277.15	277.15	273.93
277.15	299.71	277.15	267.48	273.93
280.37	286.82	277.15	273.93	280.37
280.37	293.26	277.15	273.93	280.37
277.15	290.04	280.37	273.93	270.70
280.37	296.48	273.93	273.93	273.93
290.04	293.26	293.26	277.15	270.70
273.93	286.82	267.48	280.37	277.15
286.82	273.93	283.59	280.37	277.15
273.93	283.59	351.27	454.39	273.93
286.82	273.93	360.94	489.84	273.93
277.15	280.37	386.72	557.52	277.15
283.59	273.93	415.72	563.96	273.93
286.82	273.93	438.28	592.97	273.93
273.93	273.93	460.84	615.53	277.15
286.82	270.70	483.40	621.97	273.93
273.93	273.93	486.62	609.08	270.70
315.82	270.70	486.62	599.41	283.59
367.38	270.70	480.18	583.30	309.37
396.39	261.04	476.95	580.08	315.82
444.73	267.48	460.84	563.96	319.04
444.73	270.70	435.06	538.18	328.71
460.84	277.15	422.17	538.18	331.93
489.84	290.04	406.05	528.52	338.38
483.40	302.93	383.50	509.18	351.27
505.96	322.27	364.16	473.73	360.94
525.29	367.38	325.49	418.95	383.50
547.85	409.28	293.26	341.60	409.28
563.96	444.73	277.15	273.93	441.50
580.08	473.73	273.93	267.48	444.73
596.19	499.51	277.15	267.48	454.39
599.41	534.96	267.48	270.70	451.17
612.30	570.41	270.70	270.70	444.73
631.64	592.97	267.48	273.93	409.28
602.64	609.08	280.37	267.48	341.60
563.96	618.75	277.15	270.70	290.04
480.18	615.53	267.48	273.93	280.37
335.16	589.75	277.15	273.93	270.70
283.59	512.40	270.70	280.37	273.93
280.37	354.49	277.15	277.15	273.93
280.37	280.37	277.15	277.15	277.15
296.48	277.15	277.15	277.15	280.37
280.37	290.04	280.37	277.15	277.15
290.04	283.59	280.37	280.37	280.37
280.37	293.26	277.15	273.93	277.15
273.93	290.04	277.15	277.15	273.93
277.15	290.04	273.93	283.59	273.93
280.37	280.37	280.37	277.15	277.15
273.93	280.37	277.15	273.93	277.15
280.37	280.37	277.15	277.15	277.15
293.26	277.15	277.15	277.15	273.93
277.15	280.37	280.37	277.15	277.15
277.15	280.37	280.37	277.15	267.48
273.93	280.37	277.15	280.37	290.04
277.15	283.59	280.37	267.48	277.15
296.48	283.59	280.37	280.37	280.37
286.82	273.93	351.27	476.95	277.15
290.04	277.15	377.05	531.74	277.15
270.70	277.15	396.39	541.41	273.93
283.59	277.15	415.72	554.30	270.70
277.15	277.15	435.06	560.74	270.70
273.93	280.37	454.39	570.41	277.15
293.26	277.15	470.51	576.86	293.26
335.16	273.93	476.95	576.86	312.60
370.61	277.15	460.84	576.86	328.71
393.16	280.37	460.84	573.63	331.93
415.72	277.15	460.84	567.19	331.93
438.28	280.37	447.95	557.52	338.38
425.39	273.93	441.50	547.85	341.60
435.06	286.82	422.17	538.18	341.60
451.17	290.04	409.28	525.29	360.94
473.73	319.04	377.05	493.07	364.16
509.18	354.49	354.49	444.73	377.05
512.40	396.39	312.60	370.61	396.39
522.07	425.39	277.15	286.82	425.39
528.52	447.95	283.59	273.93	438.28
557.52	476.95	273.93	270.70	444.73
570.41	512.40	277.15	273.93	460.84
580.08	541.41	267.48	273.93	441.50
570.41	570.41	270.70	270.70	386.72
563.96	589.75	270.70	273.93	309.37
486.62	599.41	273.93	273.93	286.82
325.49	602.64	280.37	286.82	280.37
277.15	486.62	277.15	277.15	283.59
293.26	344.82	277.15	280.37	280.37
277.15	293.26	277.15	283.59	280.37
280.37	293.26	277.15	270.70	277.15
296.48	277.15	277.15	277.15	277.15
273.93	270.70	273.93	277.15	277.15
277.15	299.71	273.93	273.93	293.26
273.93	277.15	280.37	277.15	277.15
290.04	267.48	277.15	277.15	273.93
277.15	273.93	273.93	280.37	277.15
277.15	290.04	277.15	280.37	277.15
277.15	280.37	277.15	277.15	273.93
273.93	286.82	273.93	277.15	277.15
277.15	283.59	280.37	273.93	273.93
277.15	277.15	277.15	273.93	273.93
277.15	283.59	290.04	277.15	277.15
277.15	296.48	277.15	277.15	277.15
273.93	277.15	283.59	283.59	283.59
283.59	270.70	383.50	476.95	270.70
270.70	280.37	402.83	538.18	267.48
280.37	273.93	422.17	563.96	273.93
267.48	270.70	473.73	589.75	270.70
273.93	277.15	493.07	592.97	283.59
293.26	273.93	496.29	586.52	277.15
367.38	273.93	489.84	573.63	290.04
422.17	270.70	473.73	554.30	302.93
476.95	270.70	457.62	544.63	322.27
505.96	286.82	422.17	522.07	328.71
505.96	322.27	380.27	496.29	357.71
518.85	341.60	367.38	457.62	370.61
544.63	357.71	338.38	428.61	389.94
538.18	386.72	322.27	415.72	406.05
557.52	402.83	319.04	373.83	409.28
567.19	418.95	290.04	315.82	418.95
567.19	441.50	277.15	273.93	438.28
580.08	464.06	273.93	273.93	454.39
599.41	499.51	273.93	273.93	476.95
586.52	541.41	267.48	270.70	480.18
605.86	580.08	270.70	270.70	476.95
602.64	592.97	270.70	270.70	473.73
618.75	615.53	270.70	273.93	470.51
589.75	618.75	270.70	270.70	451.17
570.41	612.30	270.70	270.70	393.16
467.29	602.64	273.93	270.70	312.60
319.04	596.19	273.93	273.93	280.37
290.04	467.29	277.15	273.93	277.15
283.59	319.04	280.37	277.15	283.59
273.93	277.15	277.15	277.15	293.26
283.59	277.15	277.15	277.15	273.93
277.15	277.15	277.15	277.15	277.15
286.82	280.37	283.59	273.93	273.93
283.59	273.93	277.15	280.37	280.37
290.04	277.15	273.93	277.15	280.37
296.48	277.15	280.37	280.37	277.15
290.04	280.37	277.15	290.04	277.15
280.37	273.93	270.70	277.15	283.59
277.15	277.15	277.15	273.93	277.15
286.82	273.93	277.15	273.93	273.93
277.15	277.15	277.15	283.59	273.93
273.93	283.59	280.37	277.15	273.93
277.15	280.37	386.72	464.06	280.37
267.48	273.93	406.05	522.07	273.93
277.15	273.93	399.61	518.85	277.15
270.70	277.15	428.61	541.41	280.37
283.59	277.15	438.28	547.85	290.04
273.93	273.93	447.95	557.52	312.60
296.48	270.70	464.06	570.41	331.93
293.26	277.15	470.51	583.30	341.60
322.27	277.15	460.84	586.52	348.05
315.82	277.15	470.51	592.97	354.49
335.16	280.37	464.06	583.30	360.94
344.82	286.82	464.06	580.08	364.16
348.05	293.26	467.29	580.08	373.83
348.05	290.04	460.84	576.86	370.61
360.94	283.59	464.06	576.86	370.61
351.27	283.59	464.06	570.41	370.61
351.27	280.37	470.51	563.96	367.38
331.93	286.82	441.50	547.85	354.49
319.04	280.37	422.17	528.52	351.27
312.60	286.82	406.05	512.40	351.27
328.71	283.59	399.61	505.96	348.05
312.60	280.37	389.94	496.29	351.27
325.49	280.37	389.94	499.51	348.05
306.15	280.37	386.72	493.07	348.05
309.37	277.15	399.61	483.40	351.27
328.71	283.59	386.72	489.84	351.27
309.37	280.37	386.72	483.40	351.27
312.60	280.37	393.16	489.84	348.05
309.37	283.59	386.72	486.62	354.49
312.60	286.82	393.16	486.62	351.27
306.15	283.59	393.16	493.07	357.71
309.37	283.59	389.94	493.07	351.27
309.37	286.82	396.39	496.29	357.71
319.04	299.71	393.16	493.07	354.49
315.82	293.26	386.72	489.84	357.71
315.82	293.26	383.50	489.84	360.94
319.04	296.48	389.94	489.84	367.38
328.71	299.71	383.50	486.62	360.94
328.71	293.26	383.50	483.40	367.38
319.04	296.48	383.50	486.62	367.38
309.37	290.04	393.16	493.07	357.71
315.82	293.26	383.50	483.40	367.38
325.49	290.04	386.72	483.40	360.94
328.71	290.04	386.72	486.62	370.61
325.49	290.04	386.72	483.40	364.16
319.04	302.93	386.72	486.62	370.61
322.27	290.04	389.94	486.62	360.94
335.16	290.04	383.50	486.62	367.38
319.04	293.26	386.72	486.62	367.38
319.04	290.04	386.72	483.40	360.94
315.82	286.82	399.61	489.84	360.94
315.82	290.04	386.72	489.84	364.16
325.49	286.82	386.72	489.84	367.38
325.49	293.26	386.72	486.62	357.71
328.71	283.59	386.72	483.40	360.94
312.60	290.04	386.72	486.62	357.71
312.60	290.04	393.16	480.18	360.94
312.60	290.04	386.72	486.62	360.94
328.71	286.82	389.94	489.84	360.94
319.04	293.26	386.72	483.40	364.16
312.60	290.04	386.72	486.62	360.94
309.37	286.82	386.72	486.62	357.71
325.49	286.82	383.50	483.40	360.94
315.82	293.26	386.72	483.40	364.16
315.82	293.26	386.72	483.40	364.16
312.60	296.48	386.72	480.18	367.38
319.04	290.04	389.94	480.18	364.16
319.04	293.26	386.72	483.40	364.16
319.04	290.04	383.50	483.40	367.38
335.16	290.04	380.27	483.40	364.16
322.27	290.04	386.72	486.62	364.16
315.82	293.26	383.50	483.40	364.16
335.16	296.48	383.50	483.40	367.38
319.04	293.26	409.28	473.73	364.16
335.16	293.26	383.50	483.40	367.38
328.71	296.48	383.50	483.40	364.16
325.49	293.26	386.72	480.18	360.94
331.93	293.26	383.50	486.62	367.38
328.71	293.26	386.72	480.18	364.16
338.38	286.82	383.50	483.40	370.61
341.60	293.26	383.50	480.18	367.38
328.71	293.26	383.50	483.40	351.27
322.27	293.26	383.50	476.95	364.16
319.04	293.26	380.27	480.18	367.38
328.71	296.48	380.27	473.73	367.38
331.93	293.26	380.27	480.18	367.38
328.71	296.48	380.27	473.73	367.38