=~=~=~=~=~=~=~=~=~=~=~= PuTTY log 2022.01.09 11:47:02 =~=~=~=~=~=~=~=~=~=~=~=
367.38	467.29	344.82	399.61	351.27
373.83	464.06	348.05	389.94	344.82
380.27	454.39	312.60	325.49	341.60
360.94	406.05	286.82	270.70	306.15
299.71	322.27	280.37	277.15	290.04
273.93	277.15	280.37	280.37	280.37
290.04	283.59	283.59	273.93	283.59
290.04	277.15	283.59	273.93	280.37
293.26	273.93	283.59	277.15	293.26
277.15	277.15	283.59	273.93	283.59
283.59	293.26	309.37	322.27	299.71
306.15	293.26	354.49	428.61	312.60
302.93	322.27	360.94	444.73	328.71
315.82	348.05	364.16	454.39	344.82
322.27	331.93	370.61	454.39	360.94
335.16	315.82	367.38	447.95	367.38
344.82	315.82	357.71	441.50	377.05
360.94	322.27	354.49	425.39	383.50
351.27	315.82	341.60	399.61	380.27
360.94	312.60	331.93	396.39	373.83
344.82	315.82	328.71	399.61	377.05
341.60	309.37	335.16	402.83	373.83
344.82	309.37	322.27	409.28	373.83
348.05	309.37	338.38	418.95	380.27
357.71	309.37	357.71	425.39	373.83
344.82	309.37	344.82	422.17	383.50
360.94	306.15	348.05	412.50	377.05
344.82	306.15	325.49	386.72	380.27
341.60	299.71	319.04	351.27	370.61
344.82	299.71	315.82	344.82	364.16
348.05	293.26	319.04	344.82	357.71
344.82	290.04	322.27	354.49	354.49
322.27	296.48	322.27	357.71	348.05
331.93	290.04	322.27	360.94	341.60
338.38	293.26	319.04	357.71	344.82
335.16	286.82	325.49	364.16	348.05
322.27	290.04	325.49	377.05	351.27
331.93	286.82	325.49	383.50	348.05
319.04	299.71	331.93	396.39	354.49
319.04	302.93	338.38	406.05	360.94
322.27	299.71	341.60	409.28	367.38
338.38	296.48	341.60	409.28	360.94
319.04	299.71	344.82	415.72	360.94
328.71	299.71	344.82	415.72	364.16
335.16	302.93	341.60	409.28	360.94
325.49	299.71	344.82	412.50	367.38
348.05	299.71	348.05	418.95	364.16
328.71	302.93	351.27	415.72	364.16
331.93	302.93	348.05	425.39	364.16
331.93	299.71	351.27	428.61	364.16
331.93	302.93	357.71	441.50	364.16
344.82	306.15	364.16	447.95	370.61
331.93	338.38	364.16	454.39	364.16
335.16	344.82	360.94	454.39	367.38
335.16	354.49	367.38	454.39	360.94
331.93	354.49	367.38	447.95	351.27
331.93	351.27	364.16	425.39	357.71
351.27	360.94	341.60	383.50	328.71
351.27	344.82	309.37	312.60	312.60
338.38	325.49	280.37	273.93	293.26
302.93	306.15	286.82	277.15	283.59
280.37	286.82	277.15	277.15	286.82
280.37	286.82	280.37	277.15	280.37
277.15	280.37	277.15	277.15	286.82
277.15	290.04	280.37	277.15	280.37
286.82	286.82	286.82	280.37	286.82
277.15	286.82	277.15	273.93	280.37
280.37	280.37	283.59	293.26	286.82
280.37	286.82	273.93	273.93	280.37
273.93	286.82	293.26	273.93	283.59
286.82	286.82	277.15	277.15	273.93
270.70	293.26	280.37	280.37	280.37
283.59	283.59	277.15	277.15	273.93
273.93	290.04	283.59	277.15	277.15
286.82	296.48	283.59	277.15	280.37
280.37	293.26	290.04	283.59	277.15
273.93	299.71	402.83	515.62	280.37
273.93	273.93	412.50	518.85	273.93
286.82	273.93	412.50	502.73	273.93
283.59	280.37	425.39	512.40	273.93
290.04	277.15	431.84	512.40	270.70
319.04	277.15	444.73	515.62	273.93
354.49	286.82	444.73	522.07	277.15
360.94	302.93	447.95	525.29	270.70
373.83	322.27	454.39	534.96	277.15
399.61	331.93	457.62	541.41	277.15
399.61	360.94	460.84	551.07	283.59
406.05	380.27	460.84	554.30	273.93
431.84	396.39	470.51	560.74	277.15
425.39	418.95	473.73	570.41	280.37
428.61	431.84	467.29	570.41	290.04
435.06	438.28	464.06	563.96	286.82
438.28	441.50	460.84	557.52	293.26
447.95	454.39	464.06	557.52	283.59
460.84	470.51	457.62	544.63	286.82
483.40	489.84	447.95	525.29	286.82
499.51	499.51	435.06	512.40	280.37
515.62	515.62	399.61	467.29	290.04
515.62	554.30	360.94	393.16	302.93
554.30	589.75	312.60	315.82	315.82
557.52	625.20	273.93	277.15	315.82
567.19	660.64	270.70	267.48	302.93
557.52	676.76	277.15	273.93	280.37
502.73	676.76	273.93	270.70	273.93
409.28	670.31	273.93	277.15	280.37
283.59	602.64	277.15	273.93	280.37
277.15	499.51	273.93	273.93	277.15
280.37	380.27	277.15	277.15	273.93
286.82	283.59	283.59	280.37	277.15
277.15	283.59	283.59	277.15	277.15
273.93	280.37	280.37	270.70	277.15
277.15	286.82	280.37	277.15	277.15
283.59	286.82	273.93	286.82	280.37
293.26	273.93	273.93	273.93	283.59
290.04	277.15	277.15	277.15	280.37
290.04	283.59	273.93	277.15	277.15
264.26	280.37	277.15	273.93	273.93
273.93	290.04	273.93	277.15	273.93
273.93	283.59	273.93	273.93	277.15
273.93	290.04	257.81	277.15	277.15
277.15	283.59	273.93	270.70	277.15
283.59	277.15	283.59	277.15	277.15
267.48	277.15	415.72	554.30	267.48
273.93	280.37	435.06	560.74	273.93
277.15	273.93	431.84	541.41	267.48
296.48	273.93	438.28	547.85	280.37
306.15	273.93	457.62	551.07	277.15
344.82	293.26	460.84	557.52	277.15
364.16	319.04	464.06	563.96	277.15
377.05	348.05	470.51	567.19	280.37
386.72	360.94	467.29	573.63	286.82
386.72	399.61	464.06	570.41	293.26
402.83	415.72	464.06	557.52	290.04
425.39	431.84	451.17	547.85	299.71
438.28	451.17	438.28	531.74	302.93
451.17	480.18	428.61	518.85	306.15
486.62	502.73	412.50	496.29	322.27
489.84	522.07	389.94	473.73	312.60
518.85	531.74	367.38	428.61	322.27
531.74	567.19	338.38	383.50	328.71
557.52	592.97	299.71	315.82	331.93
580.08	618.75	277.15	264.26	335.16
576.86	638.09	277.15	273.93	338.38
599.41	654.20	270.70	270.70	325.49
596.19	660.64	273.93	277.15	293.26
576.86	673.54	270.70	270.70	280.37
496.29	673.54	273.93	277.15	280.37
348.05	654.20	277.15	270.70	277.15
277.15	563.96	280.37	277.15	280.37
277.15	431.84	273.93	280.37	286.82
277.15	338.38	273.93	277.15	277.15
280.37	312.60	277.15	277.15	277.15
277.15	309.37	273.93	280.37	273.93
286.82	306.15	280.37	277.15	277.15
277.15	296.48	283.59	273.93	273.93
286.82	293.26	280.37	293.26	280.37
293.26	283.59	277.15	273.93	280.37
290.04	273.93	277.15	277.15	273.93
280.37	277.15	283.59	277.15	277.15
277.15	277.15	280.37	273.93	280.37
277.15	280.37	280.37	273.93	270.70
280.37	286.82	283.59	273.93	280.37
293.26	283.59	273.93	280.37	273.93
283.59	290.04	283.59	277.15	277.15
283.59	286.82	280.37	273.93	277.15
277.15	280.37	306.15	309.37	273.93
283.59	280.37	399.61	544.63	273.93
270.70	277.15	399.61	544.63	273.93
286.82	273.93	415.72	541.41	270.70
283.59	280.37	435.06	551.07	277.15
306.15	277.15	451.17	563.96	273.93
338.38	299.71	457.62	576.86	273.93
357.71	322.27	476.95	580.08	273.93
367.38	357.71	483.40	589.75	277.15
373.83	386.72	489.84	599.41	277.15
380.27	409.28	493.07	609.08	280.37
389.94	422.17	496.29	602.64	286.82
396.39	431.84	496.29	599.41	280.37
402.83	435.06	496.29	596.19	283.59
399.61	431.84	499.51	599.41	283.59
399.61	438.28	489.84	592.97	302.93
422.17	438.28	493.07	580.08	293.26
425.39	441.50	489.84	580.08	286.82
418.95	447.95	483.40	567.19	296.48
431.84	447.95	467.29	551.07	293.26
418.95	473.73	457.62	534.96	306.15
428.61	505.96	428.61	499.51	322.27
457.62	547.85	364.16	418.95	348.05
489.84	596.19	302.93	306.15	373.83
515.62	634.86	273.93	267.48	415.72
525.29	660.64	270.70	270.70	402.83
531.74	676.76	280.37	273.93	319.04
489.84	689.65	277.15	277.15	280.37
406.05	699.32	273.93	270.70	277.15
322.27	683.20	277.15	273.93	277.15
273.93	602.64	270.70	270.70	280.37
280.37	476.95	273.93	273.93	277.15
286.82	290.04	273.93	283.59	283.59
277.15	286.82	280.37	283.59	277.15
283.59	283.59	273.93	280.37	283.59
290.04	286.82	277.15	273.93	277.15
290.04	270.70	277.15	277.15	280.37
290.04	280.37	280.37	273.93	283.59
290.04	277.15	273.93	277.15	280.37
283.59	280.37	277.15	277.15	280.37
270.70	277.15	277.15	273.93	277.15
286.82	277.15	277.15	273.93	283.59
280.37	273.93	277.15	286.82	273.93
283.59	277.15	277.15	277.15	277.15
267.48	302.93	286.82	273.93	273.93
273.93	299.71	373.83	531.74	277.15
270.70	286.82	377.05	534.96	280.37
270.70	283.59	373.83	531.74	283.59
277.15	290.04	380.27	541.41	296.48
290.04	290.04	396.39	541.41	315.82
283.59	293.26	418.95	547.85	322.27
302.93	290.04	435.06	563.96	331.93
299.71	293.26	444.73	570.41	351.27
302.93	290.04	441.50	573.63	360.94
319.04	290.04	444.73	580.08	370.61
328.71	296.48	441.50	560.74	377.05
325.49	302.93	428.61	551.07	377.05
351.27	306.15	402.83	531.74	389.94
360.94	325.49	380.27	493.07	406.05
380.27	331.93	354.49	460.84	412.50
399.61	380.27	325.49	406.05	428.61
444.73	418.95	299.71	331.93	435.06
454.39	457.62	290.04	277.15	451.17
476.95	486.62	277.15	270.70	454.39
496.29	509.18	280.37	273.93	460.84
531.74	518.85	273.93	273.93	460.84
547.85	528.52	277.15	270.70	441.50
563.96	563.96	270.70	273.93	415.72
573.63	576.86	270.70	267.48	377.05
567.19	602.64	270.70	267.48	315.82
576.86	609.08	270.70	273.93	280.37
515.62	615.53	264.26	277.15	277.15
335.16	560.74	273.93	277.15	273.93
273.93	451.17	270.70	257.81	280.37
280.37	377.05	283.59	270.70	273.93
277.15	280.37	277.15	283.59	270.70
277.15	286.82	280.37	277.15	283.59
273.93	283.59	277.15	277.15	277.15
273.93	283.59	280.37	280.37	283.59
273.93	283.59	273.93	277.15	277.15
286.82	280.37	277.15	273.93	280.37
280.37	286.82	280.37	277.15	277.15
273.93	286.82	277.15	277.15	277.15
277.15	293.26	273.93	280.37	277.15
283.59	277.15	280.37	280.37	280.37
277.15	290.04	273.93	277.15	273.93
290.04	286.82	273.93	273.93	283.59
277.15	293.26	280.37	277.15	290.04
286.82	277.15	283.59	273.93	277.15
280.37	286.82	406.05	538.18	277.15
273.93	273.93	422.17	560.74	270.70
290.04	277.15	425.39	544.63	273.93
280.37	277.15	435.06	567.19	277.15
290.04	273.93	457.62	554.30	277.15
302.93	270.70	464.06	580.08	293.26
319.04	283.59	476.95	592.97	296.48
315.82	302.93	486.62	602.64	302.93
319.04	309.37	493.07	615.53	312.60
335.16	306.15	493.07	605.86	325.49
335.16	315.82	499.51	602.64	312.60
328.71	309.37	489.84	599.41	328.71
325.49	312.60	489.84	596.19	338.38
331.93	315.82	486.62	586.52	344.82
364.16	319.04	480.18	583.30	357.71
354.49	338.38	464.06	554.30	351.27
367.38	360.94	441.50	528.52	370.61
377.05	383.50	406.05	486.62	383.50
415.72	441.50	354.49	425.39	402.83
444.73	464.06	312.60	331.93	435.06
460.84	489.84	280.37	270.70	457.62
480.18	512.40	277.15	273.93	496.29
505.96	551.07	270.70	277.15	483.40
525.29	592.97	277.15	273.93	402.83
509.18	596.19	270.70	270.70	283.59
460.84	599.41	277.15	273.93	277.15
335.16	557.52	261.04	273.93	280.37
273.93	396.39	280.37	273.93	280.37
277.15	364.16	280.37	277.15	283.59
280.37	302.93	277.15	277.15	277.15
286.82	296.48	280.37	283.59	277.15
290.04	293.26	277.15	277.15	283.59
277.15	290.04	277.15	277.15	290.04
277.15	283.59	283.59	273.93	280.37
293.26	286.82	273.93	280.37	273.93
283.59	286.82	277.15	277.15	277.15
277.15	290.04	277.15	277.15	277.15
277.15	290.04	277.15	277.15	277.15
283.59	290.04	277.15	277.15	270.70
280.37	296.48	273.93	273.93	290.04
277.15	290.04	277.15	273.93	277.15
280.37	293.26	283.59	261.04	277.15
283.59	277.15	409.28	551.07	277.15
270.70	273.93	425.39	563.96	270.70
286.82	273.93	418.95	563.96	277.15
273.93	277.15	444.73	576.86	280.37
283.59	273.93	460.84	573.63	283.59
299.71	270.70	473.73	586.52	283.59
328.71	290.04	480.18	602.64	290.04
344.82	312.60	486.62	602.64	296.48
360.94	322.27	486.62	602.64	299.71
370.61	335.16	493.07	583.30	299.71
383.50	348.05	467.29	573.63	302.93
409.28	380.27	470.51	557.52	309.37
412.50	373.83	460.84	547.85	315.82
438.28	386.72	454.39	534.96	312.60
447.95	393.16	441.50	518.85	312.60
460.84	402.83	428.61	499.51	315.82
464.06	418.95	389.94	454.39	315.82
489.84	441.50	367.38	402.83	325.49
509.18	470.51	319.04	328.71	331.93
515.62	512.40	290.04	270.70	328.71
554.30	534.96	277.15	273.93	338.38
531.74	567.19	264.26	273.93	325.49
534.96	576.86	270.70	273.93	283.59
464.06	573.63	277.15	270.70	273.93
373.83	531.74	270.70	277.15	280.37
273.93	435.06	273.93	273.93	280.37
277.15	373.83	280.37	277.15	277.15
290.04	328.71	277.15	277.15	280.37
280.37	296.48	280.37	273.93	277.15
277.15	273.93	280.37	273.93	277.15
277.15	293.26	277.15	277.15	283.59
273.93	290.04	277.15	277.15	273.93
277.15	290.04	283.59	277.15	293.26
277.15	280.37	273.93	273.93	277.15
277.15	290.04	277.15	277.15	277.15
277.15	290.04	277.15	277.15	273.93
273.93	293.26	286.82	273.93	273.93
277.15	286.82	277.15	273.93	280.37
277.15	286.82	286.82	273.93	280.37
277.15	290.04	283.59	277.15	270.70
277.15	290.04	283.59	270.70	283.59
270.70	277.15	409.28	567.19	273.93
273.93	277.15	451.17	596.19	273.93
267.48	280.37	431.84	573.63	264.26
286.82	273.93	457.62	570.41	283.59
286.82	273.93	470.51	583.30	273.93
319.04	293.26	483.40	589.75	280.37
357.71	322.27	486.62	583.30	270.70
389.94	341.60	486.62	589.75	283.59
399.61	367.38	480.18	580.08	280.37
425.39	393.16	476.95	567.19	280.37
438.28	451.17	480.18	547.85	280.37
457.62	422.17	454.39	538.18	270.70
464.06	441.50	444.73	522.07	286.82
480.18	457.62	438.28	505.96	283.59
509.18	467.29	412.50	476.95	280.37
512.40	483.40	389.94	431.84	290.04
525.29	505.96	364.16	370.61	286.82
551.07	525.29	309.37	302.93	293.26
560.74	557.52	280.37	270.70	299.71
573.63	580.08	273.93	273.93	293.26
583.30	621.97	277.15	273.93	293.26
560.74	644.53	277.15	280.37	280.37
509.18	663.87	270.70	270.70	280.37
380.27	625.20	267.48	270.70	280.37
277.15	505.96	273.93	273.93	277.15
280.37	370.61	277.15	273.93	273.93
277.15	277.15	280.37	280.37	273.93
286.82	277.15	277.15	277.15	273.93
286.82	283.59	277.15	277.15	270.70
280.37	277.15	283.59	277.15	273.93
277.15	280.37	277.15	277.15	273.93
283.59	277.15	283.59	277.15	273.93
283.59	277.15	277.15	283.59	280.37
290.04	277.15	277.15	273.93	273.93
277.15	277.15	280.37	277.15	277.15
286.82	277.15	283.59	273.93	273.93
286.82	277.15	280.37	277.15	273.93
277.15	280.37	283.59	273.93	270.70
286.82	273.93	280.37	283.59	273.93
270.70	280.37	293.26	296.48	273.93
283.59	277.15	447.95	602.64	273.93
267.48	277.15	441.50	605.86	267.48
283.59	273.93	467.29	599.41	273.93
283.59	270.70	483.40	609.08	277.15
273.93	277.15	489.84	621.97	290.04
306.15	299.71	502.73	628.42	286.82
302.93	319.04	512.40	638.09	286.82
328.71	335.16	509.18	628.42	286.82
351.27	354.49	499.51	618.75	293.26
370.61	370.61	493.07	592.97	296.48
380.27	380.27	483.40	583.30	302.93
396.39	406.05	473.73	563.96	319.04
406.05	435.06	451.17	544.63	322.27
418.95	457.62	412.50	509.18	338.38
447.95	493.07	383.50	467.29	344.82
476.95	518.85	351.27	406.05	367.38
502.73	547.85	306.15	331.93	351.27
512.40	570.41	293.26	283.59	364.16
525.29	596.19	277.15	267.48	377.05
538.18	609.08	277.15	270.70	380.27
551.07	641.31	273.93	270.70	393.16
567.19	657.42	277.15	273.93	377.05
557.52	676.76	270.70	270.70	331.93
547.85	679.98	270.70	270.70	280.37
499.51	679.98	273.93	273.93	277.15
364.16	660.64	277.15	280.37	280.37
273.93	534.96	286.82	270.70	273.93
290.04	290.04	273.93	273.93	280.37
277.15	283.59	277.15	277.15	273.93
273.93	283.59	270.70	273.93	273.93
280.37	280.37	277.15	273.93	273.93
280.37	270.70	277.15	277.15	283.59
270.70	280.37	277.15	273.93	273.93
270.70	283.59	273.93	273.93	280.37
273.93	277.15	273.93	273.93	283.59
286.82	277.15	273.93	273.93	273.93
280.37	270.70	277.15	277.15	283.59
280.37	283.59	280.37	270.70	270.70
270.70	283.59	277.15	277.15	273.93
290.04	273.93	273.93	283.59	273.93
270.70	296.48	286.82	280.37	277.15
270.70	296.48	402.83	541.41	273.93
270.70	280.37	383.50	541.41	283.59
273.93	277.15	380.27	531.74	290.04
277.15	277.15	386.72	541.41	306.15
277.15	273.93	438.28	551.07	312.60
280.37	273.93	441.50	563.96	322.27
293.26	277.15	451.17	576.86	331.93
315.82	270.70	460.84	589.75	354.49
331.93	267.48	464.06	576.86	354.49
322.27	283.59	457.62	570.41	354.49
344.82	293.26	444.73	554.30	367.38
341.60	296.48	441.50	547.85	370.61
344.82	293.26	428.61	544.63	370.61
360.94	306.15	409.28	509.18	383.50
377.05	325.49	377.05	480.18	396.39
412.50	351.27	331.93	406.05	415.72
441.50	409.28	312.60	328.71	435.06
460.84	460.84	270.70	277.15	457.62
480.18	509.18	277.15	270.70	467.29
502.73	557.52	277.15	270.70	464.06
515.62	596.19	280.37	270.70	422.17
522.07	615.53	267.48	273.93	315.82
470.51	618.75	273.93	270.70	277.15
325.49	570.41	273.93	270.70	280.37
283.59	422.17	277.15	277.15	280.37
277.15	367.38	277.15	277.15	277.15
273.93	290.04	280.37	277.15	280.37
280.37	290.04	277.15	280.37	277.15
283.59	286.82	277.15	277.15	280.37
277.15	293.26	273.93	277.15	277.15
280.37	293.26	273.93	273.93	273.93
277.15	290.04	277.15	273.93	273.93
273.93	293.26	277.15	280.37	273.93
277.15	293.26	280.37	273.93	277.15
273.93	290.04	273.93	273.93	280.37
270.70	290.04	277.15	273.93	280.37
286.82	283.59	277.15	273.93	261.04
283.59	286.82	280.37	267.48	273.93
280.37	286.82	277.15	277.15	277.15
283.59	293.26	273.93	273.93	280.37
273.93	293.26	273.93	277.15	277.15
273.93	277.15	383.50	493.07	273.93
267.48	296.48	444.73	567.19	273.93
267.48	286.82	431.84	557.52	280.37
283.59	290.04	457.62	557.52	273.93
293.26	286.82	467.29	567.19	280.37
302.93	293.26	470.51	589.75	293.26
331.93	319.04	470.51	580.08	312.60
357.71	325.49	470.51	580.08	322.27
360.94	348.05	470.51	563.96	319.04
377.05	360.94	460.84	551.07	328.71
386.72	383.50	447.95	522.07	331.93
412.50	422.17	406.05	499.51	338.38
431.84	457.62	380.27	467.29	344.82
470.51	457.62	364.16	431.84	348.05
476.95	483.40	348.05	402.83	357.71
480.18	502.73	319.04	351.27	360.94
496.29	522.07	302.93	290.04	370.61
528.52	538.18	277.15	270.70	354.49
551.07	567.19	277.15	270.70	380.27
557.52	592.97	277.15	270.70	360.94
573.63	612.30	270.70	270.70	341.60
563.96	631.64	267.48	270.70	306.15
596.19	625.20	273.93	267.48	286.82
576.86	641.31	267.48	270.70	280.37
528.52	631.64	273.93	270.70	273.93
386.72	596.19	273.93	270.70	277.15
277.15	515.62	270.70	273.93	273.93
277.15	422.17	273.93	277.15	273.93
277.15	370.61	280.37	273.93	280.37
277.15	319.04	277.15	280.37	277.15
286.82	293.26	277.15	280.37	273.93
280.37	286.82	273.93	273.93	277.15
286.82	283.59	277.15	277.15	283.59
296.48	283.59	273.93	273.93	273.93
290.04	283.59	277.15	277.15	273.93
290.04	286.82	277.15	277.15	277.15
277.15	293.26	277.15	273.93	280.37
270.70	296.48	277.15	273.93	280.37
286.82	290.04	277.15	277.15	273.93
277.15	296.48	273.93	277.15	273.93
270.70	290.04	273.93	273.93	273.93
273.93	277.15	290.04	286.82	280.37
273.93	273.93	447.95	596.19	273.93
283.59	277.15	454.39	605.86	273.93
283.59	270.70	476.95	609.08	270.70
270.70	270.70	486.62	609.08	270.70
286.82	270.70	486.62	612.30	270.70
280.37	273.93	486.62	609.08	280.37
315.82	273.93	499.51	612.30	290.04
328.71	286.82	502.73	615.53	286.82
335.16	296.48	502.73	615.53	296.48
351.27	299.71	499.51	609.08	286.82
351.27	322.27	505.96	599.41	290.04
364.16	312.60	512.40	605.86	290.04
380.27	331.93	493.07	576.86	286.82
370.61	325.49	499.51	576.86	290.04
373.83	341.60	493.07	567.19	290.04
399.61	348.05	470.51	538.18	296.48
399.61	377.05	454.39	525.29	296.48
431.84	425.39	396.39	460.84	315.82
460.84	480.18	322.27	331.93	338.38
509.18	512.40	280.37	273.93	351.27
502.73	570.41	280.37	273.93	370.61
522.07	592.97	273.93	270.70	312.60
476.95	605.86	283.59	267.48	280.37
360.94	605.86	277.15	273.93	277.15
273.93	554.30	273.93	273.93	273.93
283.59	412.50	277.15	273.93	283.59
277.15	351.27	270.70	264.26	277.15
277.15	290.04	280.37	273.93	277.15
290.04	290.04	273.93	277.15	273.93
277.15	293.26	277.15	280.37	277.15
280.37	293.26	277.15	273.93	267.48
280.37	290.04	290.04	273.93	270.70
277.15	283.59	277.15	283.59	267.48
273.93	286.82	277.15	277.15	277.15
277.15	286.82	277.15	273.93	273.93
273.93	299.71	273.93	273.93	277.15
277.15	283.59	277.15	273.93	273.93
273.93	286.82	273.93	277.15	277.15
280.37	286.82	280.37	277.15	273.93
290.04	290.04	283.59	273.93	277.15
283.59	273.93	406.05	563.96	277.15
283.59	277.15	428.61	605.86	270.70
270.70	277.15	431.84	589.75	273.93
267.48	277.15	464.06	599.41	277.15
277.15	270.70	480.18	612.30	280.37
286.82	270.70	486.62	621.97	283.59
315.82	283.59	496.29	618.75	286.82
338.38	286.82	502.73	628.42	290.04
357.71	296.48	505.96	621.97	286.82
360.94	312.60	509.18	618.75	302.93
383.50	322.27	493.07	605.86	293.26
380.27	335.16	496.29	605.86	299.71
393.16	348.05	489.84	586.52	306.15
402.83	364.16	493.07	567.19	309.37
422.17	402.83	457.62	534.96	319.04
444.73	435.06	409.28	493.07	331.93
480.18	480.18	354.49	415.72	348.05
512.40	525.29	302.93	302.93	364.16
531.74	576.86	277.15	270.70	377.05
544.63	621.97	280.37	273.93	360.94
554.30	657.42	277.15	267.48	331.93
551.07	667.09	273.93	270.70	280.37
493.07	660.64	270.70	277.15	277.15
315.82	618.75	273.93	270.70	277.15
286.82	457.62	273.93	277.15	280.37
280.37	389.94	277.15	280.37	273.93
277.15	315.82	273.93	277.15	283.59
290.04	286.82	277.15	273.93	273.93
277.15	293.26	280.37	277.15	273.93
277.15	296.48	273.93	277.15	283.59
280.37	286.82	299.71	277.15	277.15
277.15	296.48	277.15	277.15	277.15
273.93	290.04	286.82	286.82	277.15
273.93	290.04	277.15	277.15	273.93
273.93	296.48	280.37	273.93	280.37
273.93	290.04	273.93	277.15	270.70
280.37	290.04	280.37	277.15	280.37
286.82	286.82	277.15	270.70	273.93
273.93	290.04	277.15	273.93	283.59
290.04	280.37	280.37	270.70	280.37
273.93	277.15	438.28	586.52	270.70
270.70	296.48	444.73	596.19	270.70
277.15	280.37	454.39	589.75	273.93
283.59	283.59	480.18	609.08	267.48
290.04	283.59	483.40	615.53	280.37
296.48	283.59	496.29	621.97	286.82
319.04	286.82	502.73	628.42	296.48
351.27	306.15	505.96	628.42	296.48
367.38	325.49	505.96	609.08	293.26
377.05	328.71	499.51	596.19	286.82
383.50	338.38	493.07	583.30	293.26
389.94	348.05	493.07	580.08	296.48
418.95	364.16	483.40	560.74	312.60
435.06	406.05	460.84	528.52	315.82
480.18	467.29	409.28	464.06	325.49
509.18	515.62	348.05	354.49	335.16
541.41	570.41	293.26	267.48	344.82
573.63	592.97	273.93	283.59	341.60
580.08	631.64	273.93	270.70	322.27
583.30	644.53	267.48	270.70	283.59
583.30	650.98	267.48	273.93	277.15
493.07	634.86	277.15	267.48	273.93
299.71	583.30	277.15	270.70	273.93
280.37	473.73	277.15	283.59	280.37
280.37	399.61	277.15	280.37	277.15
273.93	354.49	273.93	277.15	277.15
277.15	319.04	277.15	277.15	277.15
290.04	299.71	270.70	277.15	270.70
286.82	293.26	277.15	273.93	277.15
302.93	283.59	273.93	283.59	277.15
283.59	273.93	280.37	277.15	273.93
296.48	277.15	283.59	280.37	277.15
290.04	283.59	273.93	286.82	277.15
273.93	283.59	277.15	277.15	277.15
286.82	280.37	273.93	286.82	277.15
290.04	283.59	273.93	273.93	277.15
290.04	286.82	280.37	273.93	277.15
277.15	286.82	277.15	273.93	273.93
270.70	290.04	280.37	277.15	277.15
273.93	293.26	435.06	586.52	273.93
280.37	286.82	454.39	625.20	273.93
277.15	283.59	457.62	589.75	273.93
277.15	293.26	473.73	596.19	280.37
293.26	283.59	489.84	628.42	280.37
312.60	293.26	486.62	615.53	286.82
341.60	312.60	493.07	625.20	290.04
367.38	325.49	496.29	625.20	293.26
367.38	328.71	505.96	625.20	286.82
377.05	338.38	496.29	615.53	290.04
386.72	338.38	502.73	621.97	286.82
386.72	338.38	502.73	618.75	293.26
393.16	344.82	496.29	602.64	290.04
396.39	351.27	499.51	596.19	293.26
406.05	364.16	486.62	576.86	302.93
428.61	409.28	467.29	534.96	312.60
447.95	454.39	399.61	476.95	325.49
473.73	496.29	328.71	370.61	348.05
528.52	538.18	283.59	270.70	370.61
544.63	573.63	273.93	270.70	383.50
538.18	589.75	270.70	273.93	341.60
525.29	602.64	270.70	267.48	280.37
409.28	583.30	273.93	273.93	280.37
277.15	483.40	273.93	270.70	277.15
277.15	389.94	277.15	273.93	273.93
277.15	351.27	277.15	277.15	277.15
290.04	280.37	280.37	277.15	270.70
273.93	286.82	277.15	277.15	273.93
293.26	293.26	277.15	273.93	273.93
283.59	296.48	273.93	273.93	273.93
283.59	277.15	277.15	273.93	277.15
277.15	277.15	273.93	273.93	277.15
286.82	280.37	283.59	273.93	273.93
293.26	277.15	261.04	273.93	270.70
273.93	277.15	277.15	270.70	280.37
283.59	280.37	277.15	277.15	273.93
286.82	273.93	277.15	273.93	273.93
280.37	286.82	280.37	280.37	280.37
273.93	283.59	270.70	273.93	277.15
280.37	257.81	302.93	354.49	277.15
270.70	277.15	444.73	596.19	273.93
280.37	273.93	431.84	586.52	273.93
270.70	277.15	447.95	602.64	270.70
290.04	270.70	464.06	576.86	273.93
296.48	277.15	480.18	589.75	280.37
331.93	290.04	489.84	602.64	283.59
354.49	306.15	486.62	605.86	293.26
373.83	331.93	486.62	583.30	293.26
409.28	367.38	473.73	563.96	296.48
431.84	386.72	460.84	560.74	299.71
444.73	425.39	441.50	528.52	309.37
473.73	454.39	415.72	512.40	322.27
480.18	499.51	370.61	441.50	335.16
512.40	528.52	331.93	373.83	341.60
547.85	563.96	296.48	296.48	354.49
567.19	605.86	277.15	273.93	357.71
580.08	625.20	273.93	267.48	373.83
580.08	647.75	273.93	270.70	367.38
596.19	663.87	277.15	273.93	344.82
583.30	673.54	270.70	270.70	299.71
592.97	686.43	270.70	280.37	280.37
599.41	692.87	267.48	270.70	277.15
563.96	699.32	264.26	270.70	277.15
447.95	686.43	273.93	270.70	277.15
273.93	554.30	270.70	273.93	290.04
267.48	435.06	273.93	277.15	290.04
277.15	299.71	267.48	277.15	280.37
293.26	273.93	277.15	277.15	273.93
277.15	280.37	273.93	280.37	277.15
264.26	277.15	273.93	277.15	273.93
277.15	273.93	283.59	277.15	273.93
273.93	293.26	277.15	270.70	280.37
290.04	286.82	277.15	283.59	280.37
273.93	293.26	280.37	277.15	280.37
286.82	293.26	283.59	277.15	267.48
293.26	293.26	280.37	280.37	273.93
273.93	290.04	273.93	280.37	273.93
290.04	290.04	277.15	277.15	277.15
273.93	293.26	273.93	277.15	273.93
286.82	270.70	383.50	538.18	270.70
277.15	270.70	460.84	625.20	273.93
277.15	273.93	451.17	612.30	270.70
270.70	270.70	464.06	615.53	264.26
286.82	286.82	483.40	621.97	277.15
286.82	283.59	483.40	628.42	286.82
286.82	290.04	493.07	634.86	283.59
302.93	302.93	515.62	634.86	286.82
322.27	312.60	509.18	634.86	286.82
344.82	328.71	512.40	625.20	290.04
364.16	328.71	499.51	628.42	283.59
373.83	338.38	496.29	615.53	286.82
367.38	354.49	496.29	609.08	293.26
380.27	357.71	493.07	596.19	296.48
380.27	380.27	486.62	589.75	296.48
386.72	393.16	467.29	570.41	296.48
396.39	422.17	476.95	534.96	312.60
435.06	457.62	415.72	493.07	325.49
467.29	496.29	354.49	415.72	338.38
522.07	534.96	302.93	296.48	364.16
541.41	576.86	277.15	270.70	373.83
560.74	625.20	267.48	267.48	383.50
567.19	650.98	273.93	273.93	351.27
583.30	657.42	273.93	273.93	283.59
531.74	650.98	277.15	277.15	277.15
360.94	618.75	286.82	273.93	277.15
277.15	528.52	283.59	270.70	273.93
280.37	425.39	277.15	277.15	273.93
283.59	290.04	277.15	277.15	277.15
280.37	280.37	273.93	273.93	273.93
290.04	283.59	273.93	277.15	270.70
280.37	273.93	277.15	273.93	277.15
270.70	277.15	277.15	273.93	273.93
277.15	280.37	273.93	273.93	270.70
277.15	277.15	277.15	277.15	270.70
293.26	273.93	277.15	273.93	273.93
290.04	277.15	277.15	277.15	277.15
277.15	280.37	277.15	273.93	273.93
273.93	283.59	277.15	277.15	277.15
280.37	286.82	280.37	277.15	273.93
283.59	273.93	464.06	605.86	277.15
270.70	270.70	473.73	618.75	273.93
280.37	273.93	457.62	602.64	273.93
286.82	280.37	473.73	599.41	273.93
286.82	270.70	489.84	599.41	277.15
312.60	296.48	493.07	618.75	283.59
309.37	315.82	496.29	618.75	286.82
331.93	328.71	499.51	615.53	293.26
357.71	354.49	493.07	599.41	302.93
373.83	377.05	489.84	583.30	312.60
364.16	373.83	489.84	583.30	315.82
386.72	380.27	483.40	576.86	312.60
393.16	402.83	480.18	567.19	319.04
389.94	422.17	460.84	554.30	325.49
418.95	438.28	457.62	525.29	328.71
431.84	473.73	435.06	502.73	331.93
447.95	518.85	399.61	457.62	335.16
486.62	551.07	354.49	386.72	341.60
493.07	586.52	309.37	309.37	354.49
512.40	618.75	277.15	270.70	354.49
538.18	644.53	273.93	267.48	354.49
563.96	660.64	277.15	267.48	351.27
560.74	673.54	280.37	270.70	296.48
560.74	683.20	273.93	273.93	277.15
518.85	673.54	273.93	270.70	277.15
428.61	654.20	270.70	267.48	270.70
290.04	528.52	267.48	277.15	277.15
283.59	393.16	267.48	273.93	277.15
286.82	290.04	286.82	270.70	273.93
286.82	293.26	280.37	273.93	280.37
277.15	290.04	280.37	273.93	273.93
277.15	293.26	283.59	273.93	277.15
290.04	293.26	283.59	277.15	273.93
277.15	290.04	277.15	267.48	270.70
283.59	296.48	280.37	277.15	273.93
286.82	286.82	280.37	277.15	273.93
286.82	283.59	286.82	280.37	277.15
277.15	290.04	280.37	280.37	273.93
273.93	290.04	270.70	283.59	273.93
273.93	290.04	273.93	277.15	273.93
277.15	290.04	277.15	273.93	270.70
270.70	290.04	370.61	534.96	273.93
273.93	290.04	428.61	599.41	270.70
283.59	290.04	402.83	573.63	277.15
286.82	283.59	425.39	592.97	280.37
273.93	290.04	467.29	573.63	280.37
299.71	293.26	460.84	580.08	286.82
328.71	283.59	470.51	586.52	293.26
360.94	312.60	476.95	586.52	293.26
370.61	325.49	489.84	589.75	290.04
383.50	338.38	493.07	573.63	299.71
393.16	344.82	470.51	563.96	299.71
415.72	357.71	447.95	544.63	302.93
435.06	377.05	438.28	525.29	309.37
464.06	393.16	396.39	486.62	322.27
486.62	451.17	360.94	409.28	341.60
518.85	496.29	309.37	312.60	348.05
547.85	528.52	280.37	270.70	354.49
567.19	576.86	277.15	270.70	370.61
576.86	599.41	277.15	267.48	344.82
589.75	615.53	277.15	273.93	296.48
573.63	621.97	270.70	270.70	283.59
493.07	596.19	277.15	273.93	273.93
306.15	541.41	273.93	267.48	277.15
273.93	441.50	290.04	270.70	280.37
277.15	373.83	280.37	273.93	277.15
277.15	325.49	280.37	277.15	277.15
283.59	299.71	280.37	277.15	280.37
290.04	290.04	277.15	277.15	286.82
286.82	280.37	277.15	277.15	280.37
280.37	280.37	283.59	277.15	277.15
299.71	280.37	280.37	277.15	277.15
277.15	280.37	277.15	286.82	273.93
283.59	290.04	280.37	277.15	280.37
277.15	296.48	286.82	277.15	273.93
273.93	293.26	280.37	277.15	273.93
286.82	286.82	277.15	280.37	273.93
280.37	293.26	293.26	277.15	273.93
286.82	286.82	277.15	277.15	273.93
273.93	293.26	280.37	277.15	277.15
290.04	293.26	277.15	277.15	270.70
277.15	273.93	290.04	315.82	273.93
273.93	312.60	428.61	589.75	273.93
277.15	293.26	441.50	589.75	277.15
273.93	280.37	460.84	609.08	277.15
273.93	290.04	480.18	605.86	280.37
286.82	280.37	483.40	621.97	280.37
306.15	286.82	486.62	609.08	293.26
325.49	312.60	493.07	609.08	293.26
348.05	325.49	486.62	592.97	299.71
344.82	325.49	486.62	592.97	319.04
354.49	328.71	489.84	583.30	328.71
354.49	338.38	473.73	573.63	331.93
367.38	338.38	457.62	563.96	338.38
383.50	354.49	444.73	541.41	338.38
393.16	377.05	418.95	522.07	341.60
428.61	409.28	386.72	480.18	357.71
441.50	451.17	357.71	431.84	364.16
473.73	476.95	328.71	377.05	377.05
496.29	499.51	306.15	315.82	380.27
518.85	512.40	280.37	273.93	399.61
522.07	541.41	277.15	270.70	422.17
547.85	563.96	277.15	270.70	402.83
557.52	580.08	273.93	273.93	389.94
567.19	599.41	273.93	273.93	351.27
557.52	612.30	267.48	273.93	286.82
518.85	605.86	273.93	273.93	273.93
435.06	567.19	270.70	270.70	277.15
283.59	502.73	273.93	277.15	283.59
277.15	422.17	280.37	277.15	280.37
290.04	351.27	277.15	273.93	267.48
290.04	286.82	280.37	277.15	277.15
290.04	286.82	277.15	277.15	273.93
273.93	293.26	273.93	280.37	280.37
273.93	296.48	273.93	273.93	280.37
290.04	273.93	273.93	277.15	273.93
290.04	267.48	277.15	277.15	273.93
273.93	264.26	277.15	277.15	273.93
277.15	270.70	277.15	270.70	273.93
273.93	270.70	273.93	277.15	273.93
277.15	277.15	277.15	277.15	270.70
273.93	273.93	273.93	280.37	270.70
273.93	277.15	277.15	280.37	277.15
273.93	277.15	280.37	277.15	277.15
277.15	280.37	273.93	277.15	277.15
280.37	277.15	277.15	280.37	273.93
283.59	251.37	306.15	322.27	270.70
273.93	299.71	425.39	580.08	267.48
270.70	286.82	412.50	586.52	273.93
270.70	280.37	447.95	605.86	277.15
270.70	290.04	476.95	618.75	270.70
273.93	286.82	489.84	631.64	270.70
273.93	280.37	489.84	628.42	283.59
270.70	280.37	502.73	628.42	286.82
286.82	296.48	505.96	631.64	286.82
306.15	306.15	509.18	638.09	290.04
309.37	315.82	505.96	618.75	299.71
319.04	319.04	505.96	615.53	312.60
335.16	325.49	502.73	605.86	322.27
328.71	335.16	493.07	589.75	331.93
348.05	351.27	486.62	586.52	351.27
357.71	383.50	483.40	570.41	360.94
360.94	422.17	457.62	544.63	367.38
373.83	447.95	431.84	515.62	377.05
393.16	486.62	406.05	486.62	383.50
441.50	493.07	370.61	441.50	389.94
464.06	515.62	341.60	389.94	396.39
486.62	551.07	312.60	322.27	406.05
493.07	580.08	290.04	270.70	409.28
505.96	605.86	277.15	261.04	412.50
544.63	631.64	273.93	270.70	418.95
541.41	650.98	273.93	280.37	367.38
560.74	660.64	270.70	270.70	286.82
551.07	660.64	264.26	270.70	273.93
486.62	647.75	273.93	270.70	277.15
315.82	602.64	283.59	270.70	273.93
283.59	522.07	273.93	273.93	280.37
273.93	435.06	277.15	273.93	273.93
286.82	367.38	277.15	290.04	277.15
277.15	341.60	283.59	277.15	273.93
283.59	322.27	277.15	277.15	273.93
286.82	293.26	277.15	283.59	277.15
273.93	280.37	280.37	273.93	273.93
277.15	283.59	273.93	280.37	277.15
273.93	280.37	277.15	273.93	273.93
273.93	277.15	277.15	277.15	273.93
273.93	277.15	277.15	286.82	280.37
290.04	267.48	277.15	277.15	270.70
290.04	261.04	273.93	277.15	280.37
286.82	267.48	280.37	280.37	277.15
277.15	273.93	277.15	277.15	280.37
270.70	273.93	273.93	277.15	277.15
283.59	254.59	290.04	277.15	273.93
270.70	299.71	422.17	573.63	273.93
280.37	283.59	415.72	599.41	273.93
273.93	286.82	431.84	599.41	273.93
280.37	283.59	460.84	618.75	273.93
286.82	283.59	483.40	625.20	267.48
270.70	283.59	486.62	628.42	273.93
273.93	286.82	499.51	638.09	286.82
277.15	286.82	505.96	638.09	296.48
293.26	290.04	509.18	634.86	302.93
296.48	299.71	505.96	621.97	315.82
302.93	306.15	496.29	615.53	331.93
322.27	338.38	486.62	589.75	360.94
331.93	351.27	467.29	576.86	370.61
348.05	373.83	444.73	554.30	386.72
367.38	393.16	415.72	531.74	406.05
377.05	415.72	393.16	512.40	415.72
383.50	441.50	377.05	502.73	418.95
389.94	470.51	367.38	476.95	431.84
393.16	483.40	354.49	454.39	447.95
425.39	499.51	341.60	418.95	435.06
441.50	509.18	319.04	373.83	435.06
454.39	538.18	302.93	325.49	441.50
476.95	554.30	293.26	280.37	444.73
483.40	576.86	277.15	270.70	444.73
505.96	580.08	280.37	273.93	454.39
522.07	602.64	273.93	273.93	454.39
531.74	625.20	280.37	273.93	441.50
560.74	644.53	273.93	270.70	425.39
554.30	654.20	280.37	273.93	393.16
557.52	663.87	270.70	264.26	344.82
560.74	667.09	264.26	270.70	280.37
544.63	660.64	270.70	277.15	280.37
486.62	650.98	277.15	270.70	277.15
341.60	609.08	273.93	270.70	277.15
273.93	518.85	277.15	273.93	273.93
277.15	431.84	273.93	277.15	273.93
273.93	364.16	277.15	277.15	277.15
283.59	338.38	277.15	273.93	277.15
270.70	325.49	277.15	277.15	283.59
280.37	302.93	273.93	277.15	273.93
277.15	283.59	273.93	261.04	273.93
286.82	267.48	277.15	273.93	280.37
290.04	273.93	277.15	280.37	270.70
277.15	280.37	277.15	277.15	280.37
302.93	273.93	277.15	277.15	267.48
293.26	273.93	277.15	277.15	273.93
277.15	273.93	270.70	277.15	277.15
277.15	273.93	273.93	273.93	273.93
299.71	273.93	277.15	277.15	280.37
286.82	270.70	280.37	280.37	277.15
280.37	273.93	418.95	554.30	273.93
270.70	309.37	454.39	596.19	277.15
283.59	296.48	473.73	605.86	273.93
273.93	299.71	480.18	609.08	273.93
286.82	290.04	499.51	634.86	277.15
277.15	290.04	502.73	612.30	273.93
286.82	286.82	502.73	609.08	270.70
328.71	296.48	505.96	602.64	277.15
354.49	315.82	502.73	583.30	280.37
367.38	325.49	509.18	602.64	286.82
373.83	341.60	489.84	586.52	293.26
389.94	351.27	470.51	567.19	315.82
418.95	360.94	441.50	541.41	328.71
441.50	380.27	409.28	515.62	335.16
444.73	396.39	393.16	489.84	344.82
454.39	412.50	367.38	467.29	357.71
467.29	409.28	354.49	435.06	367.38
486.62	425.39	328.71	399.61	377.05
502.73	438.28	302.93	344.82	396.39
496.29	457.62	293.26	290.04	396.39
522.07	473.73	273.93	270.70	396.39
525.29	493.07	273.93	270.70	422.17
534.96	512.40	277.15	270.70	412.50
547.85	512.40	277.15	273.93	409.28
557.52	505.96	273.93	270.70	389.94
567.19	518.85	283.59	270.70	348.05
573.63	525.29	273.93	267.48	302.93
567.19	522.07	270.70	267.48	280.37
547.85	496.29	277.15	270.70	277.15
431.84	457.62	277.15	270.70	283.59
290.04	373.83	277.15	270.70	277.15
273.93	322.27	277.15	273.93	280.37
286.82	280.37	273.93	280.37	277.15
270.70	267.48	273.93	273.93	277.15
277.15	273.93	280.37	277.15	277.15
296.48	270.70	280.37	277.15	277.15
280.37	267.48	280.37	277.15	273.93
273.93	261.04	277.15	277.15	277.15
280.37	261.04	280.37	273.93	280.37
280.37	270.70	277.15	273.93	280.37
277.15	283.59	273.93	277.15	280.37
273.93	286.82	277.15	270.70	277.15
286.82	277.15	270.70	277.15	273.93
270.70	283.59	277.15	277.15	273.93
273.93	286.82	277.15	273.93	280.37
286.82	290.04	273.93	277.15	273.93
283.59	277.15	235.25	280.37	277.15
270.70	273.93	406.05	554.30	273.93
280.37	299.71	406.05	580.08	270.70
280.37	299.71	409.28	567.19	273.93
277.15	309.37	447.95	580.08	273.93
267.48	299.71	473.73	592.97	277.15
273.93	296.48	483.40	596.19	280.37
280.37	280.37	493.07	615.53	286.82
293.26	293.26	505.96	615.53	283.59
325.49	299.71	505.96	625.20	286.82
351.27	302.93	512.40	618.75	290.04
351.27	309.37	509.18	605.86	286.82
357.71	309.37	505.96	592.97	286.82
367.38	322.27	499.51	586.52	293.26
367.38	325.49	496.29	586.52	290.04
373.83	325.49	505.96	583.30	293.26
393.16	331.93	502.73	567.19	293.26
386.72	360.94	489.84	567.19	286.82
425.39	373.83	476.95	544.63	296.48
444.73	377.05	451.17	512.40	299.71
467.29	396.39	412.50	464.06	319.04
473.73	438.28	364.16	396.39	331.93
502.73	457.62	315.82	302.93	338.38
538.18	489.84	286.82	270.70	341.60
551.07	522.07	273.93	273.93	335.16
580.08	525.29	270.70	270.70	283.59
576.86	518.85	273.93	270.70	277.15
502.73	502.73	270.70	270.70	280.37
409.28	457.62	273.93	270.70	273.93
293.26	383.50	273.93	273.93	283.59
273.93	335.16	277.15	273.93	273.93
277.15	306.15	280.37	280.37	283.59
277.15	293.26	273.93	273.93	273.93
277.15	286.82	280.37	280.37	277.15
277.15	267.48	280.37	273.93	267.48
277.15	270.70	270.70	277.15	273.93
286.82	261.04	273.93	277.15	273.93
270.70	270.70	277.15	280.37	277.15
273.93	267.48	280.37	273.93	277.15
280.37	261.04	273.93	277.15	286.82
283.59	264.26	280.37	273.93	273.93
290.04	261.04	277.15	280.37	280.37
286.82	264.26	277.15	277.15	283.59
270.70	267.48	273.93	277.15	277.15
290.04	267.48	273.93	277.15	277.15
299.71	280.37	277.15	277.15	273.93
273.93	270.70	283.59	273.93	280.37
273.93	248.14	415.72	557.52	277.15
267.48	296.48	425.39	583.30	273.93
270.70	293.26	415.72	570.41	270.70
277.15	299.71	451.17	573.63	277.15
299.71	296.48	470.51	580.08	273.93
351.27	309.37	483.40	583.30	277.15
367.38	325.49	486.62	596.19	277.15
373.83	344.82	489.84	602.64	290.04
399.61	354.49	493.07	599.41	293.26
402.83	360.94	489.84	596.19	296.48
386.72	367.38	489.84	586.52	293.26
396.39	373.83	486.62	599.41	296.48
409.28	380.27	486.62	580.08	296.48
406.05	386.72	486.62	589.75	299.71
412.50	396.39	493.07	570.41	290.04
435.06	415.72	480.18	567.19	296.48
438.28	428.61	470.51	551.07	286.82
457.62	438.28	460.84	518.85	296.48
480.18	457.62	435.06	493.07	293.26
496.29	483.40	399.61	435.06	293.26
522.07	502.73	364.16	373.83	299.71
551.07	522.07	315.82	302.93	306.15
570.41	547.85	290.04	270.70	309.37
586.52	567.19	273.93	267.48	299.71
605.86	580.08	277.15	273.93	283.59
596.19	609.08	273.93	267.48	280.37
580.08	621.97	277.15	273.93	273.93
515.62	596.19	273.93	273.93	273.93
351.27	528.52	270.70	273.93	273.93
273.93	428.61	277.15	273.93	270.70
277.15	364.16	277.15	273.93	277.15
273.93	319.04	286.82	277.15	273.93
280.37	302.93	283.59	273.93	273.93
290.04	286.82	277.15	277.15	277.15
280.37	283.59	273.93	273.93	273.93
277.15	273.93	273.93	277.15	273.93
277.15	264.26	273.93	277.15	277.15
286.82	267.48	283.59	277.15	267.48
273.93	270.70	277.15	273.93	273.93
277.15	267.48	273.93	277.15	277.15
277.15	270.70	277.15	280.37	273.93
273.93	267.48	280.37	280.37	273.93
264.26	264.26	273.93	273.93	273.93
273.93	267.48	277.15	277.15	277.15
273.93	267.48	273.93	277.15	277.15
273.93	270.70	277.15	273.93	280.37
277.15	273.93	273.93	277.15	277.15
290.04	267.48	277.15	273.93	273.93
273.93	273.93	273.93	283.59	277.15
270.70	280.37	319.04	351.27	280.37
280.37	290.04	425.39	547.85	270.70
273.93	283.59	431.84	541.41	273.93
286.82	290.04	435.06	541.41	273.93
299.71	293.26	454.39	547.85	267.48
344.82	306.15	476.95	563.96	277.15
373.83	315.82	493.07	570.41	273.93
393.16	328.71	483.40	573.63	273.93
422.17	344.82	489.84	583.30	277.15
444.73	360.94	499.51	580.08	277.15
464.06	370.61	489.84	576.86	277.15
476.95	386.72	486.62	563.96	273.93
470.51	399.61	470.51	554.30	273.93
473.73	406.05	470.51	547.85	277.15
483.40	415.72	480.18	534.96	277.15
496.29	409.28	460.84	522.07	277.15
499.51	425.39	444.73	512.40	280.37
515.62	447.95	425.39	467.29	277.15
538.18	454.39	383.50	422.17	280.37
557.52	476.95	341.60	322.27	290.04
589.75	496.29	290.04	270.70	293.26
589.75	522.07	277.15	277.15	296.48
596.19	528.52	273.93	273.93	280.37
576.86	541.41	273.93	270.70	277.15
502.73	531.74	273.93	277.15	277.15
319.04	473.73	273.93	270.70	280.37
267.48	415.72	277.15	267.48	273.93
293.26	351.27	273.93	270.70	273.93
293.26	312.60	277.15	277.15	277.15
277.15	293.26	273.93	277.15	273.93
280.37	293.26	277.15	277.15	270.70
273.93	283.59	277.15	277.15	277.15
290.04	280.37	277.15	273.93	277.15
280.37	267.48	280.37	273.93	277.15
277.15	267.48	270.70	270.70	280.37
277.15	267.48	270.70	277.15	280.37
280.37	267.48	273.93	277.15	277.15
273.93	267.48	277.15	277.15	277.15
283.59	261.04	277.15	277.15	273.93
286.82	270.70	283.59	277.15	273.93
290.04	267.48	280.37	280.37	273.93
290.04	267.48	277.15	273.93	273.93
277.15	280.37	283.59	277.15	277.15
283.59	273.93	441.50	576.86	277.15
270.70	293.26	441.50	596.19	270.70
273.93	293.26	447.95	605.86	273.93
283.59	290.04	483.40	625.20	267.48
267.48	286.82	493.07	650.98	270.70
286.82	283.59	502.73	638.09	273.93
296.48	286.82	518.85	647.75	277.15
319.04	309.37	528.52	657.42	273.93
357.71	322.27	528.52	641.31	277.15
357.71	341.60	525.29	628.42	264.26
367.38	354.49	522.07	615.53	270.70
386.72	370.61	512.40	599.41	273.93
399.61	386.72	502.73	586.52	277.15
409.28	402.83	509.18	580.08	280.37
431.84	418.95	493.07	570.41	283.59
435.06	415.72	486.62	560.74	290.04
464.06	438.28	460.84	531.74	286.82
467.29	467.29	441.50	505.96	290.04
502.73	467.29	409.28	470.51	293.26
518.85	483.40	373.83	415.72	306.15
531.74	509.18	331.93	325.49	315.82
563.96	515.62	286.82	280.37	325.49
570.41	531.74	280.37	270.70	328.71
573.63	557.52	280.37	273.93	328.71
567.19	563.96	277.15	267.48	283.59
554.30	554.30	273.93	267.48	273.93
499.51	528.52	277.15	270.70	273.93
357.71	483.40	273.93	273.93	283.59
290.04	415.72	277.15	280.37	273.93
280.37	354.49	273.93	273.93	273.93
290.04	299.71	273.93	283.59	277.15
280.37	280.37	273.93	277.15	277.15
280.37	290.04	273.93	273.93	273.93
280.37	283.59	273.93	273.93	277.15
277.15	277.15	277.15	273.93	270.70
280.37	270.70	273.93	270.70	273.93
286.82	267.48	280.37	277.15	277.15
280.37	273.93	277.15	277.15	277.15
280.37	270.70	277.15	293.26	273.93
293.26	273.93	273.93	277.15	270.70
277.15	264.26	286.82	267.48	277.15
286.82	261.04	283.59	270.70	273.93
290.04	264.26	277.15	277.15	280.37
286.82	270.70	270.70	277.15	273.93
283.59	290.04	354.49	467.29	270.70
280.37	273.93	441.50	599.41	273.93
270.70	277.15	444.73	599.41	270.70
286.82	270.70	483.40	615.53	277.15
273.93	273.93	499.51	621.97	273.93
280.37	270.70	509.18	628.42	273.93
309.37	290.04	515.62	634.86	273.93
319.04	290.04	522.07	641.31	273.93
335.16	302.93	528.52	641.31	270.70
351.27	319.04	528.52	634.86	277.15
367.38	322.27	531.74	638.09	273.93
354.49	322.27	528.52	638.09	277.15
364.16	328.71	531.74	634.86	280.37
357.71	331.93	544.63	638.09	273.93
373.83	328.71	547.85	631.64	280.37
373.83	335.16	538.18	628.42	280.37
373.83	344.82	531.74	618.75	273.93
364.16	367.38	515.62	592.97	290.04
393.16	415.72	496.29	560.74	293.26
441.50	473.73	473.73	515.62	309.37
480.18	518.85	389.94	431.84	328.71
518.85	570.41	315.82	299.71	338.38
541.41	602.64	273.93	273.93	344.82
567.19	644.53	277.15	273.93	319.04
551.07	634.86	273.93	267.48	273.93
489.84	641.31	267.48	273.93	277.15
348.05	634.86	270.70	277.15	286.82
277.15	470.51	264.26	277.15	267.48
273.93	383.50	277.15	277.15	277.15
280.37	341.60	277.15	273.93	270.70
277.15	312.60	277.15	286.82	273.93
302.93	309.37	280.37	273.93	277.15
280.37	286.82	277.15	277.15	277.15
273.93	286.82	273.93	277.15	277.15
277.15	273.93	277.15	277.15	283.59
286.82	280.37	280.37	277.15	286.82
277.15	277.15	280.37	273.93	277.15
280.37	283.59	277.15	277.15	270.70
277.15	273.93	277.15	270.70	277.15
283.59	270.70	273.93	280.37	277.15
277.15	270.70	277.15	273.93	277.15
286.82	277.15	277.15	273.93	273.93
280.37	273.93	273.93	277.15	277.15
277.15	290.04	286.82	277.15	270.70
264.26	280.37	425.39	541.41	270.70
273.93	277.15	447.95	576.86	267.48
273.93	296.48	457.62	573.63	267.48
273.93	290.04	480.18	589.75	270.70
273.93	290.04	489.84	599.41	273.93
280.37	293.26	499.51	609.08	280.37
299.71	325.49	515.62	615.53	280.37
331.93	348.05	515.62	634.86	283.59
335.16	370.61	525.29	621.97	283.59
348.05	380.27	525.29	625.20	283.59
357.71	389.94	525.29	625.20	283.59
364.16	393.16	522.07	612.30	286.82
364.16	402.83	512.40	599.41	286.82
386.72	402.83	512.40	596.19	290.04
399.61	422.17	505.96	583.30	293.26
399.61	431.84	509.18	563.96	293.26
399.61	451.17	505.96	554.30	299.71
425.39	464.06	480.18	534.96	309.37
435.06	480.18	457.62	512.40	309.37
447.95	496.29	431.84	473.73	322.27
483.40	528.52	383.50	402.83	328.71
505.96	544.63	322.27	309.37	331.93
547.85	567.19	290.04	273.93	338.38
547.85	589.75	273.93	270.70	335.16
563.96	615.53	273.93	267.48	296.48
583.30	605.86	270.70	273.93	280.37
528.52	596.19	267.48	267.48	270.70
402.83	583.30	273.93	267.48	280.37
277.15	470.51	273.93	270.70	273.93
277.15	383.50	273.93	273.93	277.15
277.15	338.38	273.93	273.93	277.15
264.26	309.37	277.15	280.37	273.93
290.04	299.71	280.37	280.37	273.93
273.93	296.48	277.15	277.15	273.93
273.93	277.15	277.15	277.15	273.93
290.04	270.70	283.59	277.15	277.15
296.48	264.26	277.15	277.15	273.93
277.15	273.93	273.93	277.15	277.15
270.70	273.93	277.15	273.93	273.93
277.15	280.37	277.15	277.15	277.15
273.93	277.15	277.15	280.37	273.93
277.15	283.59	277.15	277.15	277.15
273.93	280.37	277.15	277.15	280.37
283.59	264.26	286.82	273.93	273.93
270.70	280.37	418.95	505.96	277.15
267.48	273.93	406.05	518.85	270.70
290.04	273.93	386.72	499.51	280.37
290.04	280.37	406.05	512.40	280.37
296.48	315.82	435.06	525.29	290.04
322.27	348.05	451.17	547.85	290.04
338.38	383.50	476.95	560.74	315.82
354.49	402.83	467.29	567.19	328.71
364.16	428.61	467.29	567.19	331.93
367.38	447.95	460.84	560.74	331.93
370.61	447.95	464.06	567.19	335.16
377.05	460.84	457.62	554.30	341.60
364.16	451.17	451.17	551.07	341.60
360.94	454.39	441.50	538.18	344.82
370.61	454.39	428.61	531.74	360.94
354.49	444.73	402.83	505.96	360.94
354.49	438.28	373.83	464.06	354.49
360.94	425.39	364.16	447.95	354.49
348.05	425.39	354.49	425.39	351.27
360.94	418.95	348.05	412.50	351.27
354.49	418.95	338.38	402.83	344.82
344.82	431.84	338.38	386.72	348.05
354.49	415.72	341.60	377.05	344.82
335.16	406.05	338.38	377.05	351.27
351.27	406.05	338.38	373.83	341.60
338.38	406.05	341.60	389.94	348.05
331.93	406.05	348.05	383.50	348.05
341.60	409.28	348.05	393.16	341.60
335.16	406.05	348.05	389.94	351.27
348.05	406.05	348.05	393.16	344.82
335.16	409.28	348.05	396.39	344.82
331.93	409.28	351.27	396.39	351.27
357.71	418.95	351.27	409.28	354.49
348.05	409.28	344.82	402.83	348.05
335.16	415.72	354.49	406.05	348.05
338.38	402.83	357.71	402.83	354.49
338.38	406.05	354.49	409.28	354.49
348.05	412.50	351.27	406.05	354.49
341.60	415.72	354.49	409.28	367.38
344.82	409.28	357.71	409.28	354.49
351.27	412.50	360.94	418.95	354.49
338.38	409.28	357.71	418.95	357.71
341.60	406.05	360.94	422.17	354.49
348.05	412.50	360.94	418.95	354.49
335.16	412.50	357.71	418.95	354.49
351.27	412.50	360.94	415.72	351.27
354.49	409.28	357.71	409.28	351.27
341.60	412.50	357.71	402.83	357.71
351.27	409.28	357.71	406.05	354.49
344.82	409.28	354.49	402.83	351.27
354.49	409.28	348.05	406.05	357.71
344.82	415.72	348.05	402.83	360.94
348.05	422.17	348.05	389.94	360.94
351.27	428.61	351.27	380.27	357.71
357.71	425.39	335.16	380.27	357.71
344.82	431.84	341.60	380.27	364.16
341.60	428.61	348.05	380.27	364.16
348.05	428.61	341.60	380.27	360.94
360.94	425.39	341.60	380.27	360.94
344.82	425.39	341.60	377.05	360.94
360.94	422.17	341.60	383.50	360.94
344.82	425.39	338.38	383.50	364.16
351.27	422.17	354.49	389.94	364.16
348.05	428.61	338.38	383.50	364.16
348.05	425.39	341.60	393.16	364.16
364.16	441.50	341.60	383.50	367.38
348.05	431.84	341.60	383.50	367.38
335.16	422.17	344.82	383.50	364.16
344.82	422.17	341.60	393.16	364.16
360.94	425.39	348.05	389.94	367.38
357.71	425.39	344.82	386.72	367.38
3